,SEQN,HCASCST1,HCASCCT1,HCQ020,HCQ030,HCQ040,HCQ060,HCQ070,HCQ080,HCQ090,HCQ100,HCQ110,HCQ120,HCQ130,HCQ140A,HCQ140B,HCQ140C,HCQ140D,HCQ140E,HCQ150,HCQ160,HCQ170,HCQ180,HCQ190,HCQ200,HCQ210,HCQ220,HCQ230,HCQ240,HCQ250,HCQ260,HCQ270,HCQ121,HCQ124,HCQ126A,HCQ126B,HCQ126C,HCQ126D,HCQ126E
0,9976.0,3.0,1.0,,,,,,,,,,,,,,,,,,,,,,,,,,,,,,,,,,,,
1,10044.0,3.0,1.0,,,,,,,,,,,,,,,,,,,,,,,,,,,,,,,,,,,,
2,10101.0,1.0,,1.0,2.0,1.0,9.0,1.0,,1.0,1.0,9.0,1.0,1.0,,,,,,1.0,1.0,1.0,1.0,1.0,1.0,2.0,1.0,1.0,1.0,2.0,1.0,1.0,,,,,,,
3,10236.0,1.0,,1.0,2.0,3.0,6.0,1.0,,1.0,2.0,,,,,,,,,,1.0,1.0,1.0,1.0,2.0,2.0,1.0,2.0,1.0,2.0,1.0,1.0,,,,,,,
4,10296.0,3.0,1.0,,,,,,,,,,,,,,,,,,,,,,,,,,,,,,,,,,,,
5,10316.0,3.0,1.0,,,,,,,,,,,,,,,,,,,,,,,,,,,,,,,,,,,,
6,10378.0,1.0,,1.0,2.0,2.0,2.0,2.0,1.0,,,,,,,,,,,,1.0,1.0,1.0,1.0,2.0,2.0,1.0,1.0,1.0,2.0,1.0,1.0,,,,,,,
7,10440.0,1.0,,2.0,1.0,,,2.0,2.0,,,,,,,,,,,,1.0,1.0,9.0,1.0,2.0,1.0,1.0,1.0,1.0,1.0,1.0,1.0,,,,,,,
8,10523.0,3.0,1.0,,,,,,,,,,,,,,,,,,,,,,,,,,,,,,,,,,,,
9,10585.0,3.0,1.0,,,,,,,,,,,,,,,,,,,,,,,,,,,,,,,,,,,,
10,10619.0,3.0,1.0,,,,,,,,,,,,,,,,,,,,,,,,,,,,,,,,,,,,
11,10701.0,3.0,1.0,,,,,,,,,,,,,,,,,,,,,,,,,,,,,,,,,,,,
12,10705.0,1.0,,1.0,2.0,2.0,2.0,1.0,,1.0,1.0,1.0,1.0,1.0,,,,,,1.0,1.0,1.0,1.0,1.0,2.0,2.0,1.0,1.0,1.0,2.0,1.0,1.0,,,,,,,
13,10883.0,1.0,,2.0,1.0,,,1.0,,1.0,4.0,2.0,2.0,,,,,,,1.0,1.0,1.0,1.0,1.0,2.0,2.0,2.0,1.0,1.0,2.0,1.0,1.0,,,,,,,
14,10887.0,3.0,1.0,,,,,,,,,,,,,,,,,,,,,,,,,,,,,,,,,,,,
15,11014.0,3.0,1.0,,,,,,,,,,,,,,,,,,,,,,,,,,,,,,,,,,,,
16,11035.0,3.0,1.0,,,,,,,,,,,,,,,,,,,,,,,,,,,,,,,,,,,,
17,11082.0,1.0,,1.0,1.0,,,1.0,,1.0,1.0,2.0,2.0,,,,,,,1.0,1.0,1.0,1.0,9.0,2.0,9.0,1.0,9.0,1.0,9.0,1.0,1.0,,,,,,,
18,11102.0,3.0,1.0,,,,,,,,,,,,,,,,,,,,,,,,,,,,,,,,,,,,
19,11142.0,3.0,1.0,,,,,,,,,,,,,,,,,,,,,,,,,,,,,,,,,,,,
20,11278.0,3.0,1.0,,,,,,,,,,,,,,,,,,,,,,,,,,,,,,,,,,,,
21,11527.0,3.0,1.0,,,,,,,,,,,,,,,,,,,,,,,,,,,,,,,,,,,,
22,11574.0,1.0,,1.0,2.0,3.0,6.0,1.0,,1.0,1.0,2.0,2.0,,,,,,,1.0,1.0,1.0,1.0,1.0,2.0,2.0,1.0,9.0,1.0,2.0,1.0,1.0,,,,,,,
23,11592.0,3.0,1.0,,,,,,,,,,,,,,,,,,,,,,,,,,,,,,,,,,,,
24,11602.0,1.0,,1.0,2.0,2.0,1.0,2.0,2.0,,,,,,,,,,,,1.0,9.0,1.0,1.0,2.0,2.0,1.0,1.0,1.0,2.0,1.0,1.0,,,,,,,
25,11798.0,1.0,,1.0,1.0,,,1.0,,1.0,2.0,,,,,,,,,,1.0,9.0,1.0,1.0,2.0,2.0,1.0,1.0,1.0,2.0,1.0,1.0,,,,,,,
26,11813.0,1.0,,2.0,1.0,,,1.0,,2.0,2.0,,,,,,,,,,9.0,1.0,1.0,1.0,2.0,2.0,1.0,1.0,1.0,2.0,1.0,1.0,,,,,,,
27,11931.0,1.0,,2.0,1.0,,,2.0,2.0,,,,,,,,,,,,9.0,9.0,9.0,1.0,2.0,9.0,9.0,9.0,1.0,2.0,1.0,1.0,,,,,,,
28,12073.0,3.0,1.0,,,,,,,,,,,,,,,,,,,,,,,,,,,,,,,,,,,,
29,12131.0,1.0,,2.0,1.0,,,1.0,,1.0,4.0,2.0,2.0,,,,,,,2.0,1.0,9.0,1.0,1.0,2.0,9.0,9.0,1.0,1.0,2.0,1.0,1.0,,,,,,,
30,12571.0,3.0,1.0,,,,,,,,,,,,,,,,,,,,,,,,,,,,,,,,,,,,
31,12573.0,3.0,1.0,,,,,,,,,,,,,,,,,,,,,,,,,,,,,,,,,,,,
32,12675.0,1.0,,1.0,1.0,,,2.0,2.0,,,,,,,,,,,,1.0,1.0,1.0,1.0,2.0,9.0,1.0,1.0,1.0,2.0,1.0,1.0,,,,,,,
33,12693.0,1.0,,1.0,2.0,2.0,2.0,1.0,,1.0,1.0,1.0,1.0,1.0,,,,,,1.0,9.0,9.0,1.0,1.0,2.0,1.0,1.0,1.0,1.0,2.0,1.0,1.0,,,,,,,
34,12939.0,1.0,,2.0,2.0,3.0,6.0,1.0,,2.0,9.0,2.0,2.0,,,,,,,1.0,9.0,9.0,9.0,1.0,2.0,2.0,9.0,9.0,9.0,9.0,9.0,1.0,,,,,,,
35,13004.0,3.0,1.0,,,,,,,,,,,,,,,,,,,,,,,,,,,,,,,,,,,,
36,13045.0,1.0,,2.0,1.0,,,2.0,2.0,,,,,,,,,,,,2.0,9.0,1.0,1.0,2.0,2.0,2.0,2.0,1.0,2.0,1.0,1.0,,,,,,,
37,13139.0,1.0,,1.0,1.0,,,2.0,1.0,,,,,,,,,,,,1.0,9.0,1.0,1.0,2.0,2.0,1.0,9.0,1.0,2.0,1.0,1.0,,,,,,,
38,13182.0,3.0,1.0,,,,,,,,,,,,,,,,,,,,,,,,,,,,,,,,,,,,
39,13279.0,1.0,,1.0,1.0,,,1.0,,1.0,4.0,1.0,2.0,,,,,,,2.0,1.0,1.0,1.0,1.0,2.0,2.0,2.0,1.0,1.0,2.0,1.0,2.0,,,,,,,
40,13367.0,1.0,,1.0,2.0,2.0,2.0,1.0,,1.0,2.0,,,,,,,,,,1.0,1.0,1.0,1.0,2.0,9.0,1.0,1.0,1.0,2.0,1.0,2.0,,,,,,,
41,13435.0,1.0,,2.0,1.0,,,1.0,,2.0,4.0,2.0,2.0,,,,,,,2.0,2.0,9.0,9.0,1.0,2.0,2.0,1.0,1.0,1.0,2.0,1.0,1.0,,,,,,,
42,13545.0,3.0,1.0,,,,,,,,,,,,,,,,,,,,,,,,,,,,,,,,,,,,
43,13587.0,3.0,1.0,,,,,,,,,,,,,,,,,,,,,,,,,,,,,,,,,,,,
44,13655.0,3.0,1.0,,,,,,,,,,,,,,,,,,,,,,,,,,,,,,,,,,,,
45,13770.0,3.0,1.0,,,,,,,,,,,,,,,,,,,,,,,,,,,,,,,,,,,,
46,13810.0,3.0,3.0,,,,,,,,,,,,,,,,,,,,,,,,,,,,,,,,,,,,
47,13849.0,1.0,,1.0,2.0,2.0,2.0,1.0,,1.0,1.0,2.0,2.0,,,,,,,1.0,9.0,9.0,1.0,1.0,9.0,9.0,9.0,9.0,1.0,9.0,9.0,1.0,,,,,,,
48,13887.0,1.0,,1.0,2.0,1.0,6.0,1.0,,1.0,1.0,2.0,2.0,,,,,,,1.0,1.0,1.0,1.0,1.0,2.0,9.0,2.0,9.0,1.0,2.0,1.0,1.0,,,,,,,
49,13930.0,1.0,,3.0,1.0,,,1.0,,9.0,3.0,,,,,,,,,,,,,,,,,,,,,,,,,,,,
50,13987.0,3.0,1.0,,,,,,,,,,,,,,,,,,,,,,,,,,,,,,,,,,,,
51,14005.0,3.0,1.0,,,,,,,,,,,,,,,,,,,,,,,,,,,,,,,,,,,,
52,14636.0,3.0,1.0,,,,,,,,,,,,,,,,,,,,,,,,,,,,,,,,,,,,
53,14713.0,3.0,2.0,,,,,,,,,,,,,,,,,,,,,,,,,,,,,,,,,,,,
54,14715.0,3.0,1.0,,,,,,,,,,,,,,,,,,,,,,,,,,,,,,,,,,,,
55,14737.0,1.0,,1.0,2.0,1.0,6.0,1.0,,1.0,2.0,,,,,,,,,,9.0,1.0,1.0,1.0,2.0,9.0,9.0,9.0,1.0,2.0,1.0,1.0,,,,,,,
56,14766.0,1.0,,1.0,2.0,3.0,2.0,1.0,,1.0,2.0,,,,,,,,,,1.0,1.0,1.0,1.0,2.0,2.0,1.0,9.0,1.0,2.0,1.0,1.0,,,,,,,
57,15005.0,3.0,1.0,,,,,,,,,,,,,,,,,,,,,,,,,,,,,,,,,,,,
58,15113.0,1.0,,1.0,1.0,,,1.0,,1.0,1.0,2.0,1.0,1.0,,,,,,1.0,1.0,1.0,1.0,1.0,2.0,2.0,1.0,2.0,1.0,2.0,2.0,3.0,,,,,,,
59,15515.0,3.0,1.0,,,,,,,,,,,,,,,,,,,,,,,,,,,,,,,,,,,,
60,15577.0,3.0,1.0,,,,,,,,,,,,,,,,,,,,,,,,,,,,,,,,,,,,
61,15636.0,3.0,1.0,,,,,,,,,,,,,,,,,,,,,,,,,,,,,,,,,,,,
62,15713.0,1.0,,2.0,1.0,,,1.0,,1.0,2.0,,,,,,,,,,1.0,1.0,2.0,1.0,2.0,2.0,1.0,1.0,1.0,2.0,2.0,1.0,,,,,,,
63,15755.0,1.0,,1.0,2.0,2.0,2.0,1.0,,1.0,1.0,2.0,2.0,,,,,,,1.0,1.0,1.0,1.0,1.0,2.0,2.0,1.0,9.0,1.0,2.0,1.0,1.0,,,,,,,
64,15882.0,1.0,,2.0,1.0,,,1.0,,1.0,2.0,,,,,,,,,,9.0,2.0,9.0,9.0,1.0,1.0,1.0,1.0,1.0,1.0,1.0,1.0,,,,,,,
65,16008.0,1.0,,1.0,2.0,2.0,2.0,1.0,,2.0,1.0,2.0,2.0,,,,,,,2.0,1.0,1.0,1.0,1.0,2.0,2.0,1.0,1.0,1.0,2.0,1.0,1.0,,,,,,,
66,16372.0,1.0,,2.0,1.0,,,2.0,2.0,,,,,,,,,,,,9.0,9.0,1.0,1.0,2.0,2.0,1.0,1.0,1.0,2.0,1.0,1.0,,,,,,,
67,16386.0,1.0,,1.0,1.0,,,1.0,,9.0,4.0,2.0,2.0,,,,,,,2.0,1.0,1.0,2.0,1.0,2.0,2.0,9.0,1.0,1.0,2.0,1.0,1.0,,,,,,,
68,16415.0,1.0,,1.0,2.0,2.0,3.0,1.0,,1.0,1.0,1.0,2.0,,,,,,,1.0,1.0,1.0,1.0,1.0,2.0,2.0,1.0,9.0,1.0,2.0,1.0,1.0,,,,,,,
69,16547.0,3.0,1.0,,,,,,,,,,,,,,,,,,,,,,,,,,,,,,,,,,,,
70,16677.0,1.0,,1.0,1.0,,,1.0,,1.0,2.0,,,,,,,,,,1.0,1.0,1.0,1.0,2.0,9.0,1.0,1.0,1.0,2.0,1.0,1.0,,,,,,,
71,16754.0,3.0,1.0,,,,,,,,,,,,,,,,,,,,,,,,,,,,,,,,,,,,
72,16912.0,3.0,1.0,,,,,,,,,,,,,,,,,,,,,,,,,,,,,,,,,,,,
73,16925.0,1.0,,1.0,2.0,3.0,9.0,1.0,,1.0,1.0,2.0,1.0,2.0,2.0,2.0,2.0,2.0,1.0,1.0,1.0,1.0,1.0,1.0,2.0,2.0,9.0,9.0,1.0,2.0,9.0,2.0,,,,,,,
74,17117.0,1.0,,1.0,1.0,,,1.0,,1.0,1.0,2.0,9.0,,,,,,,1.0,1.0,2.0,1.0,1.0,2.0,2.0,1.0,1.0,1.0,2.0,9.0,1.0,,,,,,,
75,17170.0,1.0,,1.0,1.0,,,1.0,,1.0,1.0,2.0,2.0,,,,,,,1.0,1.0,2.0,1.0,1.0,2.0,2.0,1.0,1.0,1.0,2.0,1.0,1.0,,,,,,,
76,17567.0,1.0,,1.0,1.0,,,1.0,,1.0,1.0,1.0,2.0,,,,,,,1.0,1.0,1.0,1.0,1.0,2.0,1.0,1.0,2.0,1.0,2.0,1.0,1.0,,,,,,,
77,17669.0,1.0,,1.0,2.0,3.0,1.0,1.0,,1.0,2.0,,,,,,,,,,1.0,1.0,1.0,1.0,2.0,1.0,1.0,1.0,1.0,2.0,2.0,1.0,,,,,,,
78,17742.0,3.0,1.0,,,,,,,,,,,,,,,,,,,,,,,,,,,,,,,,,,,,
79,17778.0,3.0,1.0,,,,,,,,,,,,,,,,,,,,,,,,,,,,,,,,,,,,
80,17841.0,1.0,,1.0,1.0,,,1.0,,1.0,1.0,2.0,2.0,,,,,,,1.0,2.0,1.0,1.0,1.0,2.0,2.0,1.0,1.0,1.0,2.0,1.0,1.0,,,,,,,
81,17953.0,1.0,,2.0,1.0,,,1.0,,1.0,1.0,2.0,2.0,,,,,,,1.0,1.0,1.0,1.0,1.0,2.0,2.0,1.0,1.0,1.0,2.0,1.0,1.0,,,,,,,
82,18005.0,3.0,1.0,,,,,,,,,,,,,,,,,,,,,,,,,,,,,,,,,,,,
83,18032.0,3.0,1.0,,,,,,,,,,,,,,,,,,,,,,,,,,,,,,,,,,,,
84,18083.0,1.0,,1.0,2.0,3.0,3.0,1.0,,1.0,1.0,2.0,2.0,,,,,,,1.0,1.0,1.0,1.0,1.0,2.0,9.0,9.0,2.0,1.0,2.0,2.0,1.0,,,,,,,
85,18173.0,1.0,,1.0,2.0,3.0,5.0,1.0,,1.0,1.0,2.0,2.0,,,,,,,,1.0,1.0,1.0,1.0,2.0,2.0,1.0,1.0,1.0,2.0,1.0,1.0,,,,,,,
86,18190.0,3.0,1.0,,,,,,,,,,,,,,,,,,,,,,,,,,,,,,,,,,,,
87,18217.0,1.0,,3.0,1.0,,,1.0,,1.0,2.0,,,,,,,,,,9.0,9.0,1.0,1.0,2.0,1.0,1.0,1.0,1.0,2.0,1.0,1.0,,,,,,,
88,18313.0,3.0,1.0,,,,,,,,,,,,,,,,,,,,,,,,,,,,,,,,,,,,
89,18489.0,3.0,3.0,,,,,,,,,,,,,,,,,,,,,,,,,,,,,,,,,,,,
90,18498.0,3.0,2.0,,,,,,,,,,,,,,,,,,,,,,,,,,,,,,,,,,,,
91,18516.0,3.0,1.0,,,,,,,,,,,,,,,,,,,,,,,,,,,,,,,,,,,,
92,18819.0,1.0,,1.0,1.0,,,2.0,2.0,,,,,,,,,,,,1.0,9.0,1.0,1.0,2.0,2.0,9.0,1.0,1.0,9.0,2.0,1.0,,,,,,,
93,18957.0,1.0,,2.0,1.0,,,1.0,,1.0,4.0,2.0,2.0,,,,,,,1.0,1.0,1.0,1.0,1.0,1.0,2.0,1.0,9.0,1.0,2.0,1.0,1.0,,,,,,,
94,19059.0,3.0,1.0,,,,,,,,,,,,,,,,,,,,,,,,,,,,,,,,,,,,
95,19165.0,1.0,,1.0,2.0,3.0,2.0,1.0,,1.0,1.0,2.0,1.0,2.0,1.0,2.0,2.0,2.0,2.0,1.0,1.0,1.0,1.0,1.0,2.0,2.0,1.0,1.0,1.0,1.0,1.0,1.0,,,,,,,
96,19258.0,1.0,,3.0,1.0,,,1.0,,1.0,2.0,,,,,,,,,,1.0,1.0,1.0,1.0,2.0,2.0,1.0,1.0,1.0,2.0,1.0,1.0,,,,,,,
97,19458.0,1.0,,1.0,1.0,,,1.0,,,,,,,,,,,,,1.0,1.0,1.0,1.0,2.0,2.0,1.0,1.0,1.0,2.0,1.0,1.0,,,,,,,
98,19669.0,1.0,,1.0,9.0,,,2.0,2.0,,,,,,,,,,,,9.0,9.0,1.0,1.0,1.0,1.0,1.0,1.0,1.0,1.0,1.0,1.0,,,,,,,
99,19701.0,1.0,,1.0,2.0,2.0,5.0,1.0,,1.0,1.0,2.0,2.0,,,,,,,7.0,1.0,1.0,1.0,1.0,2.0,2.0,1.0,1.0,1.0,2.0,1.0,1.0,,,,,,,
100,19805.0,3.0,1.0,,,,,,,,,,,,,,,,,,,,,,,,,,,,,,,,,,,,
101,19846.0,3.0,1.0,,,,,,,,,,,,,,,,,,,,,,,,,,,,,,,,,,,,
102,20479.0,1.0,,1.0,2.0,7.0,3.0,1.0,,1.0,1.0,1.0,2.0,,,,,,,1.0,1.0,1.0,1.0,9.0,2.0,2.0,2.0,1.0,1.0,2.0,1.0,1.0,,,,,,,
103,20480.0,1.0,,1.0,1.0,,,1.0,,1.0,2.0,,,,,,,,,,1.0,1.0,1.0,1.0,2.0,2.0,1.0,1.0,1.0,2.0,1.0,1.0,,,,,,,
104,20520.0,1.0,,1.0,2.0,3.0,1.0,1.0,,1.0,2.0,,,,,,,,,,1.0,9.0,1.0,1.0,2.0,9.0,1.0,9.0,1.0,2.0,9.0,1.0,,,,,,,
105,20575.0,3.0,1.0,,,,,,,,,,,,,,,,,,,,,,,,,,,,,,,,,,,,
106,20681.0,1.0,,1.0,1.0,,,1.0,,2.0,1.0,2.0,2.0,,,,,,,2.0,1.0,1.0,1.0,1.0,2.0,2.0,1.0,1.0,1.0,2.0,1.0,1.0,,,,,,,
107,20696.0,1.0,,1.0,1.0,,,1.0,,1.0,9.0,2.0,2.0,,,,,,,2.0,1.0,9.0,1.0,9.0,9.0,9.0,9.0,9.0,1.0,9.0,1.0,1.0,,,,,,,
108,20814.0,3.0,1.0,,,,,,,,,,,,,,,,,,,,,,,,,,,,,,,,,,,,
109,20885.0,1.0,,2.0,1.0,,,1.0,,1.0,1.0,2.0,2.0,,,,,,,1.0,1.0,9.0,1.0,1.0,2.0,9.0,1.0,9.0,1.0,2.0,1.0,2.0,,,,,,,
110,20929.0,3.0,1.0,,,,,,,,,,,,,,,,,,,,,,,,,,,,,,,,,,,,
111,20965.0,3.0,1.0,,,,,,,,,,,,,,,,,,,,,,,,,,,,,,,,,,,,
112,21178.0,3.0,1.0,,,,,,,,,,,,,,,,,,,,,,,,,,,,,,,,,,,,
113,21592.0,1.0,,1.0,2.0,2.0,1.0,2.0,2.0,,,,,,,,,,,,1.0,1.0,1.0,1.0,2.0,2.0,2.0,1.0,1.0,2.0,1.0,1.0,,,,,,,
114,21878.0,3.0,3.0,,,,,,,,,,,,,,,,,,,,,,,,,,,,,,,,,,,,
115,22062.0,3.0,1.0,,,,,,,,,,,,,,,,,,,,,,,,,,,,,,,,,,,,
116,22134.0,3.0,1.0,,,,,,,,,,,,,,,,,,,,,,,,,,,,,,,,,,,,
117,22216.0,3.0,1.0,,,,,,,,,,,,,,,,,,,,,,,,,,,,,,,,,,,,
118,22292.0,1.0,,1.0,2.0,2.0,2.0,1.0,,1.0,1.0,1.0,,1.0,,,,,,1.0,1.0,1.0,1.0,1.0,2.0,2.0,1.0,1.0,1.0,2.0,1.0,1.0,1.0,1.0,,,,,
119,22575.0,3.0,1.0,,,,,,,,,,,,,,,,,,,,,,,,,,,,,,,,,,,,
120,22945.0,1.0,,1.0,2.0,1.0,2.0,2.0,2.0,,,,,,,,,,,,9.0,2.0,1.0,1.0,2.0,1.0,9.0,9.0,9.0,9.0,1.0,1.0,,,,,,,
121,23044.0,1.0,,1.0,2.0,3.0,2.0,1.0,,1.0,2.0,,,,,,,,,,1.0,1.0,1.0,1.0,2.0,2.0,2.0,9.0,1.0,2.0,1.0,1.0,,,,,,,
122,23285.0,1.0,,1.0,1.0,,,1.0,,1.0,2.0,,,,,,,,,,1.0,1.0,1.0,1.0,2.0,2.0,2.0,9.0,1.0,1.0,1.0,1.0,,,,,,,
123,23332.0,1.0,,1.0,2.0,1.0,2.0,1.0,,1.0,2.0,,,,,,,,,,1.0,1.0,1.0,1.0,2.0,9.0,1.0,9.0,1.0,2.0,1.0,1.0,,,,,,,
124,23456.0,3.0,1.0,,,,,,,,,,,,,,,,,,,,,,,,,,,,,,,,,,,,
125,23457.0,1.0,,1.0,1.0,,,2.0,2.0,,,,,,,,,,,,9.0,1.0,9.0,1.0,9.0,9.0,9.0,9.0,9.0,9.0,1.0,1.0,,,,,,,
126,23602.0,1.0,,1.0,2.0,3.0,6.0,1.0,,1.0,1.0,1.0,,2.0,1.0,1.0,2.0,2.0,1.0,1.0,1.0,1.0,1.0,1.0,2.0,2.0,9.0,1.0,1.0,2.0,1.0,1.0,1.0,1.0,,,,,
127,23642.0,3.0,1.0,,,,,,,,,,,,,,,,,,,,,,,,,,,,,,,,,,,,
128,24005.0,1.0,,1.0,2.0,2.0,6.0,2.0,2.0,,,,,,,,,,,,1.0,1.0,1.0,1.0,2.0,2.0,1.0,1.0,1.0,1.0,1.0,1.0,,,,,,,
129,24075.0,3.0,5.0,,,,,,,,,,,,,,,,,,,,,,,,,,,,,,,,,,,,
130,24132.0,1.0,,1.0,2.0,3.0,6.0,2.0,2.0,,,,,,,,,,,,1.0,1.0,1.0,1.0,2.0,2.0,1.0,1.0,1.0,2.0,1.0,1.0,,,,,,,
131,24147.0,3.0,1.0,,,,,,,,,,,,,,,,,,,,,,,,,,,,,,,,,,,,
132,24162.0,3.0,1.0,,,,,,,,,,,,,,,,,,,,,,,,,,,,,,,,,,,,
133,24243.0,1.0,,1.0,1.0,,,2.0,2.0,,,,,,,,,,,,1.0,1.0,1.0,1.0,2.0,2.0,1.0,1.0,1.0,2.0,1.0,1.0,,,,,,,
134,24404.0,3.0,1.0,,,,,,,,,,,,,,,,,,,,,,,,,,,,,,,,,,,,
135,24610.0,1.0,,1.0,1.0,,,1.0,,2.0,4.0,2.0,,2.0,2.0,2.0,2.0,2.0,1.0,2.0,1.0,1.0,1.0,1.0,2.0,2.0,1.0,1.0,1.0,2.0,1.0,1.0,1.0,2.0,2.0,2.0,2.0,2.0,2.0
136,24653.0,1.0,,1.0,2.0,2.0,5.0,1.0,,1.0,1.0,1.0,,2.0,2.0,2.0,2.0,9.0,2.0,1.0,1.0,1.0,1.0,1.0,2.0,2.0,1.0,9.0,1.0,9.0,1.0,1.0,1.0,2.0,1.0,2.0,2.0,2.0,2.0
137,24696.0,3.0,1.0,,,,,,,,,,,,,,,,,,,,,,,,,,,,,,,,,,,,
138,24811.0,3.0,1.0,,,,,,,,,,,,,,,,,,,,,,,,,,,,,,,,,,,,
139,24849.0,3.0,1.0,,,,,,,,,,,,,,,,,,,,,,,,,,,,,,,,,,,,
140,24857.0,3.0,1.0,,,,,,,,,,,,,,,,,,,,,,,,,,,,,,,,,,,,
141,24905.0,3.0,1.0,,,,,,,,,,,,,,,,,,,,,,,,,,,,,,,,,,,,
142,25013.0,3.0,1.0,,,,,,,,,,,,,,,,,,,,,,,,,,,,,,,,,,,,
143,25119.0,1.0,,1.0,1.0,,,2.0,2.0,,,,,,,,,,,,1.0,1.0,1.0,1.0,2.0,2.0,2.0,1.0,1.0,2.0,1.0,1.0,,,,,,,
144,25200.0,3.0,1.0,,,,,,,,,,,,,,,,,,,,,,,,,,,,,,,,,,,,
145,25384.0,1.0,,1.0,1.0,,,1.0,,2.0,1.0,2.0,,,,,,,,9.0,1.0,9.0,1.0,1.0,9.0,9.0,9.0,9.0,1.0,9.0,1.0,1.0,1.0,9.0,,,,,
146,25461.0,1.0,,3.0,1.0,,,1.0,,1.0,2.0,,,,,,,,,,1.0,9.0,1.0,1.0,2.0,2.0,1.0,1.0,1.0,2.0,1.0,1.0,,,,,,,
147,25562.0,1.0,,1.0,2.0,2.0,1.0,1.0,,1.0,4.0,2.0,,,,,,,,2.0,1.0,1.0,1.0,1.0,2.0,2.0,2.0,9.0,1.0,2.0,1.0,1.0,2.0,,,,,,
148,25579.0,3.0,1.0,,,,,,,,,,,,,,,,,,,,,,,,,,,,,,,,,,,,
149,25885.0,3.0,1.0,,,,,,,,,,,,,,,,,,,,,,,,,,,,,,,,,,,,
150,26066.0,1.0,,1.0,2.0,3.0,2.0,1.0,,1.0,1.0,1.0,,1.0,,,,,,1.0,2.0,1.0,9.0,1.0,2.0,9.0,1.0,1.0,1.0,9.0,1.0,1.0,1.0,1.0,,,,,
151,26134.0,1.0,,1.0,2.0,1.0,6.0,1.0,,2.0,7.0,2.0,,2.0,7.0,7.0,7.0,7.0,7.0,1.0,9.0,7.0,7.0,7.0,7.0,7.0,7.0,7.0,7.0,7.0,7.0,1.0,1.0,1.0,,,,,
152,26142.0,1.0,,1.0,2.0,2.0,1.0,2.0,2.0,,,,,,,,,,,,1.0,1.0,1.0,1.0,2.0,2.0,1.0,1.0,1.0,2.0,1.0,1.0,,,,,,,
153,26563.0,3.0,1.0,,,,,,,,,,,,,,,,,,,,,,,,,,,,,,,,,,,,
154,26564.0,1.0,,1.0,2.0,1.0,3.0,1.0,,1.0,2.0,,,,,,,,,,2.0,1.0,2.0,1.0,2.0,1.0,1.0,1.0,1.0,1.0,1.0,1.0,,,,,,,
155,26689.0,3.0,2.0,,,,,,,,,,,,,,,,,,,,,,,,,,,,,,,,,,,,
156,26721.0,1.0,,1.0,1.0,,,1.0,,9.0,1.0,2.0,,,,,,,,2.0,1.0,9.0,1.0,1.0,2.0,2.0,9.0,9.0,1.0,9.0,1.0,1.0,1.0,9.0,,,,,
157,26766.0,1.0,,2.0,2.0,9.0,9.0,2.0,2.0,,,,,,,,,,,,9.0,9.0,9.0,9.0,9.0,9.0,9.0,9.0,9.0,9.0,9.0,1.0,,,,,,,
158,26803.0,1.0,,1.0,1.0,,,1.0,,1.0,2.0,,,,,,,,,,1.0,1.0,1.0,1.0,2.0,2.0,2.0,2.0,1.0,2.0,1.0,2.0,,,,,,,
159,26973.0,3.0,1.0,,,,,,,,,,,,,,,,,,,,,,,,,,,,,,,,,,,,
160,27057.0,3.0,1.0,,,,,,,,,,,,,,,,,,,,,,,,,,,,,,,,,,,,
161,27059.0,1.0,,2.0,1.0,,,1.0,,1.0,1.0,1.0,,2.0,2.0,2.0,1.0,2.0,2.0,1.0,1.0,1.0,1.0,1.0,2.0,1.0,1.0,1.0,1.0,2.0,2.0,1.0,1.0,1.0,,,,,
162,27091.0,3.0,1.0,,,,,,,,,,,,,,,,,,,,,,,,,,,,,,,,,,,,
163,27217.0,1.0,,1.0,2.0,3.0,2.0,2.0,2.0,,,,,,,,,,,,1.0,1.0,1.0,1.0,2.0,2.0,1.0,1.0,1.0,9.0,1.0,1.0,,,,,,,
164,27253.0,3.0,1.0,,,,,,,,,,,,,,,,,,,,,,,,,,,,,,,,,,,,
165,27257.0,2.0,,1.0,2.0,3.0,2.0,1.0,,1.0,,,,,,,,,,,,,,,,,,,,,,,,,,,,,
166,27270.0,1.0,,1.0,2.0,3.0,2.0,1.0,,1.0,1.0,1.0,,1.0,,,,,,1.0,1.0,1.0,1.0,1.0,2.0,2.0,2.0,2.0,1.0,2.0,1.0,1.0,1.0,1.0,,,,,
167,27346.0,3.0,1.0,,,,,,,,,,,,,,,,,,,,,,,,,,,,,,,,,,,,
168,27407.0,3.0,1.0,,,,,,,,,,,,,,,,,,,,,,,,,,,,,,,,,,,,
169,27440.0,1.0,,1.0,1.0,,,1.0,,1.0,3.0,,,,,,,,,,,,,,,,,,,,,,,,,,,,
170,27461.0,3.0,1.0,,,,,,,,,,,,,,,,,,,,,,,,,,,,,,,,,,,,
171,27688.0,3.0,1.0,,,,,,,,,,,,,,,,,,,,,,,,,,,,,,,,,,,,
172,28060.0,1.0,,1.0,2.0,2.0,2.0,1.0,,1.0,1.0,2.0,,2.0,2.0,2.0,2.0,2.0,1.0,1.0,9.0,9.0,1.0,1.0,2.0,2.0,9.0,1.0,1.0,2.0,1.0,2.0,1.0,1.0,,,,,
173,28098.0,1.0,,1.0,1.0,,,2.0,1.0,,,,,,,,,,,,9.0,1.0,1.0,1.0,1.0,1.0,1.0,1.0,1.0,1.0,1.0,1.0,,,,,,,
174,28654.0,1.0,,1.0,1.0,,,1.0,,2.0,1.0,2.0,,,,,,,,2.0,1.0,1.0,1.0,1.0,1.0,2.0,1.0,9.0,2.0,2.0,1.0,1.0,9.0,,,,,,
175,28791.0,3.0,1.0,,,,,,,,,,,,,,,,,,,,,,,,,,,,,,,,,,,,
176,28805.0,1.0,,1.0,2.0,2.0,6.0,2.0,2.0,,,,,,,,,,,,2.0,1.0,1.0,1.0,2.0,2.0,1.0,1.0,1.0,2.0,1.0,1.0,,,,,,,
177,28928.0,1.0,,2.0,1.0,,,1.0,,1.0,2.0,,,,,,,,,,1.0,1.0,1.0,1.0,1.0,1.0,1.0,1.0,1.0,1.0,1.0,1.0,,,,,,,
178,28982.0,1.0,,,,,,,,,,,,,,,,,,,,,,,,,,,,,,,,,,,,,
179,29071.0,3.0,1.0,,,,,,,,,,,,,,,,,,,,,,,,,,,,,,,,,,,,
180,29259.0,3.0,1.0,,,,,,,,,,,,,,,,,,,,,,,,,,,,,,,,,,,,
181,29277.0,1.0,,1.0,2.0,3.0,3.0,1.0,,1.0,1.0,2.0,,,,,,,,2.0,1.0,1.0,1.0,1.0,2.0,2.0,2.0,2.0,1.0,2.0,1.0,1.0,2.0,,,,,,
182,29538.0,3.0,1.0,,,,,,,,,,,,,,,,,,,,,,,,,,,,,,,,,,,,
183,29544.0,1.0,,1.0,2.0,3.0,2.0,1.0,,1.0,1.0,9.0,,2.0,2.0,2.0,2.0,2.0,1.0,1.0,1.0,1.0,1.0,1.0,2.0,9.0,9.0,9.0,1.0,9.0,1.0,1.0,1.0,2.0,2.0,1.0,2.0,9.0,2.0
184,29546.0,1.0,,1.0,1.0,,,2.0,2.0,,,,,,,,,,,,9.0,1.0,1.0,1.0,2.0,2.0,1.0,9.0,1.0,2.0,1.0,1.0,,,,,,,
185,29582.0,1.0,,1.0,1.0,,,1.0,,1.0,3.0,,,,,,,,,,,,,,,,,,,,,,,,,,,,
186,29638.0,2.0,,1.0,2.0,3.0,6.0,1.0,,9.0,9.0,9.0,,,,,,,,9.0,,,,,,,,,,,,,9.0,,,,,,
187,29861.0,1.0,,1.0,2.0,3.0,2.0,1.0,,1.0,1.0,1.0,,1.0,,,,,,1.0,2.0,1.0,1.0,1.0,2.0,2.0,1.0,9.0,1.0,2.0,1.0,1.0,1.0,1.0,,,,,
188,29943.0,3.0,1.0,,,,,,,,,,,,,,,,,,,,,,,,,,,,,,,,,,,,
189,29953.0,1.0,,1.0,2.0,2.0,2.0,1.0,,1.0,2.0,,,,,,,,,,1.0,1.0,1.0,2.0,2.0,2.0,9.0,9.0,1.0,2.0,1.0,1.0,,,,,,,
190,29984.0,3.0,1.0,,,,,,,,,,,,,,,,,,,,,,,,,,,,,,,,,,,,
191,30125.0,1.0,,1.0,1.0,,,1.0,,1.0,1.0,2.0,,,,,,,,2.0,1.0,1.0,1.0,1.0,2.0,2.0,1.0,1.0,1.0,2.0,1.0,1.0,1.0,9.0,,,,,
192,30190.0,3.0,1.0,,,,,,,,,,,,,,,,,,,,,,,,,,,,,,,,,,,,
193,30225.0,1.0,,1.0,1.0,,,2.0,2.0,,,,,,,,,,,,1.0,9.0,1.0,1.0,2.0,9.0,1.0,1.0,1.0,9.0,1.0,1.0,,,,,,,
194,30252.0,3.0,4.0,,,,,,,,,,,,,,,,,,,,,,,,,,,,,,,,,,,,
195,30774.0,3.0,1.0,,,,,,,,,,,,,,,,,,,,,,,,,,,,,,,,,,,,
196,31033.0,1.0,,1.0,1.0,,,2.0,2.0,,,,,,,,,,,,9.0,1.0,1.0,1.0,2.0,9.0,2.0,1.0,1.0,9.0,9.0,1.0,,,,,,,
197,31081.0,1.0,,1.0,1.0,,,1.0,,1.0,3.0,,,,,,,,,,,,,,,,,,,,,,,,,,,,
198,31105.0,3.0,1.0,,,,,,,,,,,,,,,,,,,,,,,,,,,,,,,,,,,,
199,31441.0,3.0,1.0,,,,,,,,,,,,,,,,,,,,,,,,,,,,,,,,,,,,
200,31452.0,1.0,,1.0,2.0,3.0,2.0,1.0,,1.0,1.0,2.0,,2.0,2.0,2.0,2.0,2.0,1.0,1.0,1.0,1.0,1.0,1.0,2.0,2.0,1.0,2.0,1.0,2.0,1.0,1.0,1.0,2.0,2.0,2.0,2.0,1.0,2.0
201,31553.0,3.0,1.0,,,,,,,,,,,,,,,,,,,,,,,,,,,,,,,,,,,,
202,31599.0,3.0,1.0,,,,,,,,,,,,,,,,,,,,,,,,,,,,,,,,,,,,
203,31827.0,3.0,1.0,,,,,,,,,,,,,,,,,,,,,,,,,,,,,,,,,,,,
204,31914.0,3.0,1.0,,,,,,,,,,,,,,,,,,,,,,,,,,,,,,,,,,,,
205,31958.0,3.0,1.0,,,,,,,,,,,,,,,,,,,,,,,,,,,,,,,,,,,,
206,31994.0,3.0,1.0,,,,,,,,,,,,,,,,,,,,,,,,,,,,,,,,,,,,
207,32071.0,3.0,2.0,,,,,,,,,,,,,,,,,,,,,,,,,,,,,,,,,,,,
208,32093.0,1.0,,2.0,1.0,,,1.0,,1.0,2.0,,,,,,,,,,1.0,1.0,1.0,1.0,2.0,2.0,1.0,1.0,1.0,2.0,1.0,1.0,,,,,,,
209,32504.0,1.0,,2.0,1.0,,,1.0,,1.0,1.0,2.0,,2.0,,,,,1.0,1.0,1.0,1.0,1.0,1.0,2.0,2.0,1.0,1.0,1.0,2.0,2.0,1.0,1.0,1.0,,,,,
210,32540.0,3.0,4.0,,,,,,,,,,,,,,,,,,,,,,,,,,,,,,,,,,,,
211,32627.0,1.0,,1.0,2.0,3.0,3.0,1.0,,2.0,1.0,2.0,,2.0,1.0,,,,1.0,1.0,1.0,1.0,1.0,1.0,2.0,1.0,1.0,9.0,1.0,9.0,1.0,1.0,1.0,2.0,1.0,,,,1.0
212,32868.0,3.0,1.0,,,,,,,,,,,,,,,,,,,,,,,,,,,,,,,,,,,,
213,32877.0,3.0,2.0,,,,,,,,,,,,,,,,,,,,,,,,,,,,,,,,,,,,
214,32941.0,1.0,,1.0,2.0,2.0,2.0,1.0,,2.0,2.0,,,,,,,,,,1.0,1.0,1.0,1.0,2.0,9.0,9.0,1.0,1.0,2.0,1.0,1.0,,,,,,,
215,32948.0,3.0,1.0,,,,,,,,,,,,,,,,,,,,,,,,,,,,,,,,,,,,
216,33168.0,3.0,1.0,,,,,,,,,,,,,,,,,,,,,,,,,,,,,,,,,,,,
217,33330.0,1.0,,1.0,1.0,,,1.0,,9.0,2.0,,,,,,,,,,2.0,1.0,1.0,1.0,2.0,2.0,1.0,1.0,1.0,7.0,1.0,1.0,,,,,,,
218,33506.0,1.0,,1.0,2.0,3.0,2.0,2.0,1.0,,,,,,,,,,,,1.0,1.0,2.0,1.0,2.0,2.0,1.0,1.0,1.0,1.0,1.0,1.0,,,,,,,
219,33585.0,3.0,2.0,,,,,,,,,,,,,,,,,,,,,,,,,,,,,,,,,,,,
220,33797.0,1.0,,1.0,2.0,1.0,2.0,1.0,,1.0,2.0,,,,,,,,,,1.0,1.0,1.0,1.0,2.0,2.0,1.0,1.0,1.0,2.0,1.0,1.0,,,,,,,
221,33965.0,1.0,,1.0,1.0,,,1.0,,1.0,2.0,,,,,,,,,,2.0,1.0,1.0,1.0,2.0,2.0,1.0,9.0,1.0,2.0,2.0,1.0,,,,,,,
222,34450.0,1.0,,1.0,1.0,,,1.0,,1.0,1.0,2.0,,,,,,,,1.0,1.0,9.0,1.0,1.0,2.0,2.0,1.0,1.0,1.0,2.0,1.0,1.0,2.0,,,,,,
223,34500.0,3.0,1.0,,,,,,,,,,,,,,,,,,,,,,,,,,,,,,,,,,,,
224,34582.0,1.0,,1.0,1.0,,,1.0,,1.0,2.0,,,,,,,,,,9.0,1.0,1.0,1.0,2.0,9.0,1.0,9.0,1.0,2.0,1.0,1.0,,,,,,,
225,34618.0,3.0,1.0,,,,,,,,,,,,,,,,,,,,,,,,,,,,,,,,,,,,
226,34641.0,3.0,1.0,,,,,,,,,,,,,,,,,,,,,,,,,,,,,,,,,,,,
227,34661.0,3.0,1.0,,,,,,,,,,,,,,,,,,,,,,,,,,,,,,,,,,,,
228,34827.0,1.0,,1.0,2.0,3.0,2.0,1.0,,1.0,2.0,,,,,,,,,,1.0,1.0,1.0,1.0,2.0,2.0,2.0,9.0,1.0,2.0,1.0,1.0,,,,,,,
229,35232.0,1.0,,1.0,2.0,3.0,3.0,1.0,,1.0,4.0,1.0,,1.0,,,,,,2.0,1.0,1.0,1.0,1.0,2.0,2.0,2.0,1.0,1.0,2.0,1.0,1.0,1.0,1.0,,,,,
230,35548.0,3.0,1.0,,,,,,,,,,,,,,,,,,,,,,,,,,,,,,,,,,,,
231,35991.0,3.0,2.0,,,,,,,,,,,,,,,,,,,,,,,,,,,,,,,,,,,,
232,36176.0,1.0,,1.0,2.0,1.0,3.0,1.0,,1.0,1.0,2.0,,2.0,2.0,2.0,1.0,2.0,2.0,1.0,2.0,1.0,1.0,1.0,7.0,7.0,7.0,7.0,1.0,1.0,1.0,1.0,1.0,1.0,,,,,
233,36663.0,3.0,1.0,,,,,,,,,,,,,,,,,,,,,,,,,,,,,,,,,,,,
234,36764.0,1.0,,1.0,1.0,,,1.0,,1.0,,2.0,,,,,,,,1.0,1.0,1.0,1.0,1.0,2.0,2.0,2.0,1.0,1.0,2.0,1.0,1.0,2.0,,,,,,
235,36969.0,1.0,,1.0,2.0,1.0,6.0,1.0,,1.0,2.0,,,,,,,,,,1.0,1.0,1.0,9.0,2.0,2.0,1.0,1.0,1.0,2.0,1.0,1.0,,,,,,,
236,37128.0,3.0,1.0,,,,,,,,,,,,,,,,,,,,,,,,,,,,,,,,,,,,
237,37279.0,1.0,,1.0,2.0,2.0,3.0,1.0,,1.0,1.0,1.0,,1.0,,,,,,1.0,1.0,1.0,1.0,1.0,2.0,2.0,2.0,1.0,1.0,2.0,1.0,1.0,1.0,1.0,,,,,
238,37385.0,1.0,,1.0,2.0,3.0,2.0,1.0,,1.0,2.0,,,,,,,,,,1.0,9.0,1.0,1.0,2.0,2.0,1.0,1.0,1.0,2.0,1.0,1.0,,,,,,,
239,37518.0,3.0,1.0,,,,,,,,,,,,,,,,,,,,,,,,,,,,,,,,,,,,
240,37526.0,1.0,,1.0,2.0,2.0,2.0,1.0,,1.0,1.0,1.0,,1.0,,,,,,1.0,1.0,1.0,1.0,1.0,2.0,2.0,1.0,9.0,1.0,2.0,1.0,1.0,1.0,1.0,,,,,
241,37544.0,3.0,2.0,,,,,,,,,,,,,,,,,,,,,,,,,,,,,,,,,,,,
242,37574.0,1.0,,2.0,1.0,,,1.0,,1.0,1.0,1.0,,2.0,1.0,2.0,1.0,9.0,2.0,1.0,9.0,1.0,1.0,1.0,2.0,2.0,1.0,1.0,1.0,2.0,1.0,1.0,1.0,1.0,,,,,
243,37916.0,3.0,1.0,,,,,,,,,,,,,,,,,,,,,,,,,,,,,,,,,,,,
244,38118.0,3.0,1.0,,,,,,,,,,,,,,,,,,,,,,,,,,,,,,,,,,,,
245,38361.0,1.0,,1.0,2.0,3.0,1.0,1.0,,1.0,1.0,1.0,,2.0,1.0,9.0,2.0,1.0,2.0,1.0,2.0,1.0,1.0,9.0,2.0,2.0,1.0,2.0,1.0,2.0,1.0,1.0,1.0,2.0,1.0,2.0,2.0,9.0,2.0
246,38402.0,3.0,1.0,,,,,,,,,,,,,,,,,,,,,,,,,,,,,,,,,,,,
247,38615.0,1.0,,1.0,2.0,3.0,2.0,1.0,,1.0,2.0,,,,,,,,,,1.0,1.0,1.0,1.0,2.0,2.0,1.0,1.0,1.0,2.0,1.0,1.0,,,,,,,
248,38646.0,3.0,1.0,,,,,,,,,,,,,,,,,,,,,,,,,,,,,,,,,,,,
249,38681.0,1.0,,1.0,1.0,,,2.0,1.0,,,,,,,,,,,,1.0,1.0,1.0,1.0,2.0,9.0,1.0,9.0,1.0,2.0,1.0,1.0,,,,,,,
250,38786.0,3.0,1.0,,,,,,,,,,,,,,,,,,,,,,,,,,,,,,,,,,,,
251,38901.0,1.0,,2.0,1.0,,,1.0,,1.0,9.0,2.0,,,,,,,,1.0,1.0,1.0,1.0,1.0,2.0,2.0,2.0,1.0,1.0,2.0,1.0,1.0,2.0,,,,,,
252,38970.0,3.0,1.0,,,,,,,,,,,,,,,,,,,,,,,,,,,,,,,,,,,,
253,39061.0,3.0,1.0,,,,,,,,,,,,,,,,,,,,,,,,,,,,,,,,,,,,
254,39154.0,3.0,1.0,,,,,,,,,,,,,,,,,,,,,,,,,,,,,,,,,,,,
255,39158.0,1.0,,1.0,1.0,,,1.0,,1.0,2.0,,,,,,,,,,1.0,1.0,1.0,1.0,2.0,2.0,1.0,1.0,1.0,2.0,1.0,1.0,,,,,,,
256,39191.0,3.0,1.0,,,,,,,,,,,,,,,,,,,,,,,,,,,,,,,,,,,,
257,39456.0,1.0,,1.0,1.0,,,2.0,2.0,,,,,,,,,,,,1.0,1.0,1.0,1.0,2.0,2.0,1.0,9.0,1.0,1.0,1.0,1.0,,,,,,,
258,39735.0,3.0,1.0,,,,,,,,,,,,,,,,,,,,,,,,,,,,,,,,,,,,
259,39782.0,3.0,1.0,,,,,,,,,,,,,,,,,,,,,,,,,,,,,,,,,,,,
260,39883.0,1.0,,1.0,1.0,,,2.0,2.0,,,,,,,,,,,,2.0,1.0,1.0,1.0,2.0,9.0,9.0,1.0,1.0,1.0,1.0,1.0,,,,,,,
261,39886.0,1.0,,1.0,2.0,1.0,6.0,1.0,,1.0,2.0,,,,,,,,,,1.0,1.0,1.0,1.0,2.0,2.0,1.0,1.0,1.0,2.0,9.0,1.0,,,,,,,
262,39930.0,3.0,1.0,,,,,,,,,,,,,,,,,,,,,,,,,,,,,,,,,,,,
263,39935.0,3.0,1.0,,,,,,,,,,,,,,,,,,,,,,,,,,,,,,,,,,,,
264,40189.0,3.0,1.0,,,,,,,,,,,,,,,,,,,,,,,,,,,,,,,,,,,,
265,40235.0,3.0,1.0,,,,,,,,,,,,,,,,,,,,,,,,,,,,,,,,,,,,
266,40331.0,3.0,1.0,,,,,,,,,,,,,,,,,,,,,,,,,,,,,,,,,,,,
267,40345.0,1.0,,1.0,1.0,,,2.0,2.0,,,,,,,,,,,,1.0,1.0,1.0,1.0,2.0,2.0,1.0,1.0,1.0,2.0,1.0,1.0,,,,,,,
268,40459.0,1.0,,1.0,2.0,3.0,2.0,1.0,,1.0,1.0,1.0,,2.0,1.0,1.0,1.0,1.0,1.0,1.0,1.0,1.0,1.0,1.0,2.0,2.0,1.0,1.0,1.0,2.0,1.0,1.0,1.0,1.0,,,,,
269,40475.0,1.0,,1.0,2.0,2.0,2.0,1.0,,1.0,1.0,1.0,,1.0,,,,,,1.0,1.0,1.0,1.0,1.0,2.0,9.0,9.0,9.0,1.0,2.0,1.0,1.0,1.0,2.0,2.0,2.0,2.0,1.0,2.0
270,40561.0,1.0,,1.0,2.0,2.0,2.0,1.0,,1.0,1.0,2.0,,2.0,2.0,2.0,2.0,2.0,1.0,1.0,1.0,1.0,1.0,1.0,2.0,2.0,2.0,2.0,1.0,2.0,1.0,1.0,1.0,1.0,,,,,
271,40620.0,3.0,1.0,,,,,,,,,,,,,,,,,,,,,,,,,,,,,,,,,,,,
272,40965.0,3.0,2.0,,,,,,,,,,,,,,,,,,,,,,,,,,,,,,,,,,,,
273,41008.0,3.0,1.0,,,,,,,,,,,,,,,,,,,,,,,,,,,,,,,,,,,,
274,41014.0,3.0,1.0,,,,,,,,,,,,,,,,,,,,,,,,,,,,,,,,,,,,
275,41255.0,1.0,,2.0,1.0,,,2.0,1.0,,,,,,,,,,,,1.0,1.0,1.0,1.0,2.0,9.0,1.0,1.0,1.0,1.0,1.0,1.0,,,,,,,
276,41402.0,1.0,,1.0,1.0,,,1.0,,9.0,4.0,2.0,,,,,,,,1.0,1.0,1.0,1.0,1.0,2.0,2.0,2.0,1.0,1.0,2.0,1.0,1.0,2.0,,,,,,
277,41525.0,3.0,1.0,,,,,,,,,,,,,,,,,,,,,,,,,,,,,,,,,,,,
278,41547.0,3.0,1.0,,,,,,,,,,,,,,,,,,,,,,,,,,,,,,,,,,,,
279,41556.0,1.0,,1.0,2.0,3.0,6.0,1.0,,1.0,1.0,1.0,,1.0,,,,,,1.0,1.0,1.0,1.0,1.0,2.0,2.0,2.0,9.0,1.0,2.0,1.0,1.0,1.0,1.0,,,,,
280,41558.0,3.0,1.0,,,,,,,,,,,,,,,,,,,,,,,,,,,,,,,,,,,,
281,41688.0,1.0,,1.0,2.0,3.0,9.0,1.0,,1.0,1.0,1.0,,1.0,,,,,,1.0,1.0,1.0,1.0,1.0,2.0,2.0,2.0,9.0,1.0,2.0,1.0,1.0,1.0,1.0,,,,,
282,41700.0,1.0,,1.0,1.0,,,1.0,,1.0,1.0,2.0,,2.0,1.0,1.0,1.0,2.0,2.0,1.0,1.0,1.0,1.0,9.0,2.0,2.0,2.0,9.0,1.0,9.0,9.0,1.0,1.0,1.0,,,,,
283,41968.0,3.0,1.0,,,,,,,,,,,,,,,,,,,,,,,,,,,,,,,,,,,,
284,42005.0,3.0,2.0,,,,,,,,,,,,,,,,,,,,,,,,,,,,,,,,,,,,
285,42009.0,1.0,,1.0,2.0,3.0,2.0,1.0,,1.0,2.0,,,,,,,,,,1.0,1.0,1.0,1.0,2.0,2.0,1.0,2.0,1.0,2.0,1.0,1.0,,,,,,,
286,42021.0,3.0,1.0,,,,,,,,,,,,,,,,,,,,,,,,,,,,,,,,,,,,
287,42094.0,3.0,1.0,,,,,,,,,,,,,,,,,,,,,,,,,,,,,,,,,,,,
288,42103.0,1.0,,1.0,1.0,,,2.0,2.0,,,,,,,,,,,,9.0,9.0,9.0,1.0,9.0,9.0,9.0,9.0,1.0,2.0,9.0,1.0,,,,,,,
289,42318.0,3.0,1.0,,,,,,,,,,,,,,,,,,,,,,,,,,,,,,,,,,,,
290,42361.0,1.0,,1.0,1.0,,,1.0,,1.0,2.0,,,,,,,,,,1.0,1.0,1.0,1.0,2.0,2.0,1.0,1.0,1.0,2.0,1.0,1.0,,,,,,,
291,42406.0,3.0,1.0,,,,,,,,,,,,,,,,,,,,,,,,,,,,,,,,,,,,
292,42438.0,3.0,1.0,,,,,,,,,,,,,,,,,,,,,,,,,,,,,,,,,,,,
293,42496.0,3.0,1.0,,,,,,,,,,,,,,,,,,,,,,,,,,,,,,,,,,,,
294,42664.0,3.0,1.0,,,,,,,,,,,,,,,,,,,,,,,,,,,,,,,,,,,,
295,42705.0,3.0,1.0,,,,,,,,,,,,,,,,,,,,,,,,,,,,,,,,,,,,
296,42771.0,3.0,1.0,,,,,,,,,,,,,,,,,,,,,,,,,,,,,,,,,,,,
297,42817.0,3.0,1.0,,,,,,,,,,,,,,,,,,,,,,,,,,,,,,,,,,,,
298,42823.0,1.0,,1.0,2.0,3.0,1.0,1.0,,1.0,1.0,1.0,,2.0,2.0,2.0,2.0,2.0,1.0,1.0,1.0,1.0,1.0,1.0,2.0,2.0,1.0,9.0,1.0,2.0,1.0,1.0,1.0,2.0,1.0,2.0,2.0,2.0,2.0
299,42927.0,3.0,1.0,,,,,,,,,,,,,,,,,,,,,,,,,,,,,,,,,,,,
300,43127.0,3.0,1.0,,,,,,,,,,,,,,,,,,,,,,,,,,,,,,,,,,,,
301,43280.0,3.0,1.0,,,,,,,,,,,,,,,,,,,,,,,,,,,,,,,,,,,,
302,43370.0,3.0,1.0,,,,,,,,,,,,,,,,,,,,,,,,,,,,,,,,,,,,
303,43456.0,3.0,1.0,,,,,,,,,,,,,,,,,,,,,,,,,,,,,,,,,,,,
304,43480.0,3.0,1.0,,,,,,,,,,,,,,,,,,,,,,,,,,,,,,,,,,,,
305,43572.0,3.0,1.0,,,,,,,,,,,,,,,,,,,,,,,,,,,,,,,,,,,,
306,43621.0,3.0,2.0,,,,,,,,,,,,,,,,,,,,,,,,,,,,,,,,,,,,
307,43633.0,1.0,,1.0,2.0,2.0,2.0,1.0,,1.0,1.0,1.0,,1.0,,,,,,1.0,1.0,1.0,1.0,1.0,2.0,2.0,1.0,1.0,1.0,2.0,1.0,1.0,1.0,1.0,,,,,
308,43654.0,3.0,1.0,,,,,,,,,,,,,,,,,,,,,,,,,,,,,,,,,,,,
309,43692.0,3.0,1.0,,,,,,,,,,,,,,,,,,,,,,,,,,,,,,,,,,,,
310,43700.0,3.0,1.0,,,,,,,,,,,,,,,,,,,,,,,,,,,,,,,,,,,,
311,43802.0,3.0,1.0,,,,,,,,,,,,,,,,,,,,,,,,,,,,,,,,,,,,
312,43826.0,3.0,2.0,,,,,,,,,,,,,,,,,,,,,,,,,,,,,,,,,,,,
313,43827.0,3.0,1.0,,,,,,,,,,,,,,,,,,,,,,,,,,,,,,,,,,,,
314,43882.0,1.0,,2.0,1.0,,,2.0,2.0,,,,,,,,,,,,1.0,1.0,1.0,2.0,2.0,2.0,2.0,9.0,1.0,2.0,9.0,1.0,,,,,,,
315,43981.0,3.0,1.0,,,,,,,,,,,,,,,,,,,,,,,,,,,,,,,,,,,,
316,44089.0,3.0,1.0,,,,,,,,,,,,,,,,,,,,,,,,,,,,,,,,,,,,
317,44187.0,1.0,,1.0,1.0,,,1.0,,1.0,2.0,,,,,,,,,,1.0,1.0,1.0,1.0,2.0,2.0,1.0,2.0,1.0,2.0,1.0,1.0,,,,,,,
318,44209.0,3.0,1.0,,,,,,,,,,,,,,,,,,,,,,,,,,,,,,,,,,,,
319,44228.0,3.0,1.0,,,,,,,,,,,,,,,,,,,,,,,,,,,,,,,,,,,,
320,44274.0,3.0,1.0,,,,,,,,,,,,,,,,,,,,,,,,,,,,,,,,,,,,
321,44288.0,1.0,,1.0,2.0,3.0,6.0,1.0,,1.0,9.0,2.0,,,,,,,,1.0,1.0,9.0,1.0,1.0,1.0,9.0,2.0,9.0,1.0,2.0,1.0,1.0,2.0,,,,,,
322,44336.0,3.0,1.0,,,,,,,,,,,,,,,,,,,,,,,,,,,,,,,,,,,,
323,44574.0,3.0,4.0,,,,,,,,,,,,,,,,,,,,,,,,,,,,,,,,,,,,
324,44579.0,1.0,,1.0,1.0,,,2.0,2.0,,,,,,,,,,,,9.0,9.0,1.0,9.0,9.0,1.0,9.0,9.0,1.0,9.0,9.0,1.0,,,,,,,
325,44778.0,1.0,,2.0,1.0,,,2.0,2.0,,,,,,,,,,,,9.0,9.0,1.0,1.0,9.0,9.0,1.0,1.0,1.0,9.0,9.0,2.0,,,,,,,
326,44818.0,3.0,1.0,,,,,,,,,,,,,,,,,,,,,,,,,,,,,,,,,,,,
327,44891.0,1.0,,1.0,2.0,3.0,3.0,1.0,,1.0,1.0,1.0,,1.0,,,,,,1.0,1.0,2.0,1.0,1.0,2.0,2.0,1.0,1.0,1.0,2.0,1.0,1.0,1.0,1.0,,,,,
328,45061.0,3.0,1.0,,,,,,,,,,,,,,,,,,,,,,,,,,,,,,,,,,,,
329,45194.0,3.0,2.0,,,,,,,,,,,,,,,,,,,,,,,,,,,,,,,,,,,,
330,45280.0,3.0,1.0,,,,,,,,,,,,,,,,,,,,,,,,,,,,,,,,,,,,
331,45285.0,3.0,1.0,,,,,,,,,,,,,,,,,,,,,,,,,,,,,,,,,,,,
332,45299.0,3.0,1.0,,,,,,,,,,,,,,,,,,,,,,,,,,,,,,,,,,,,
333,45371.0,3.0,6.0,,,,,,,,,,,,,,,,,,,,,,,,,,,,,,,,,,,,
334,45473.0,3.0,2.0,,,,,,,,,,,,,,,,,,,,,,,,,,,,,,,,,,,,
335,45501.0,3.0,1.0,,,,,,,,,,,,,,,,,,,,,,,,,,,,,,,,,,,,
336,45542.0,3.0,1.0,,,,,,,,,,,,,,,,,,,,,,,,,,,,,,,,,,,,
337,45559.0,3.0,2.0,,,,,,,,,,,,,,,,,,,,,,,,,,,,,,,,,,,,
338,45593.0,3.0,1.0,,,,,,,,,,,,,,,,,,,,,,,,,,,,,,,,,,,,
339,45733.0,1.0,,1.0,2.0,3.0,2.0,1.0,,1.0,1.0,1.0,,1.0,,,,,,1.0,1.0,2.0,1.0,1.0,2.0,2.0,1.0,9.0,1.0,2.0,1.0,1.0,1.0,1.0,,,,,
340,45837.0,1.0,,1.0,1.0,,,1.0,,1.0,1.0,1.0,,1.0,,,,,,1.0,2.0,1.0,1.0,1.0,2.0,2.0,1.0,9.0,1.0,1.0,1.0,1.0,1.0,1.0,,,,,
341,45858.0,3.0,1.0,,,,,,,,,,,,,,,,,,,,,,,,,,,,,,,,,,,,
342,45887.0,3.0,6.0,,,,,,,,,,,,,,,,,,,,,,,,,,,,,,,,,,,,
343,45960.0,3.0,1.0,,,,,,,,,,,,,,,,,,,,,,,,,,,,,,,,,,,,
344,45962.0,1.0,,1.0,1.0,,,1.0,,1.0,4.0,2.0,,2.0,2.0,2.0,1.0,1.0,1.0,1.0,1.0,1.0,1.0,1.0,1.0,2.0,1.0,1.0,1.0,2.0,1.0,1.0,1.0,2.0,9.0,9.0,9.0,9.0,9.0
345,46137.0,3.0,1.0,,,,,,,,,,,,,,,,,,,,,,,,,,,,,,,,,,,,
346,46335.0,3.0,6.0,,,,,,,,,,,,,,,,,,,,,,,,,,,,,,,,,,,,
347,46591.0,3.0,2.0,,,,,,,,,,,,,,,,,,,,,,,,,,,,,,,,,,,,
348,46596.0,3.0,1.0,,,,,,,,,,,,,,,,,,,,,,,,,,,,,,,,,,,,
349,46647.0,1.0,,1.0,1.0,,,1.0,,1.0,4.0,2.0,,1.0,,,,,,1.0,2.0,1.0,1.0,1.0,2.0,2.0,2.0,9.0,1.0,2.0,1.0,1.0,1.0,2.0,9.0,9.0,9.0,9.0,2.0
350,46859.0,1.0,,1.0,1.0,,,1.0,,1.0,1.0,2.0,,2.0,9.0,9.0,1.0,9.0,1.0,1.0,1.0,1.0,1.0,1.0,2.0,2.0,2.0,1.0,1.0,2.0,1.0,1.0,1.0,1.0,,,,,
351,46900.0,1.0,,1.0,1.0,,,2.0,2.0,,,,,,,,,,,,1.0,1.0,1.0,1.0,2.0,2.0,9.0,9.0,1.0,2.0,9.0,1.0,,,,,,,
352,46922.0,3.0,6.0,,,,,,,,,,,,,,,,,,,,,,,,,,,,,,,,,,,,
353,46942.0,3.0,1.0,,,,,,,,,,,,,,,,,,,,,,,,,,,,,,,,,,,,
354,46985.0,3.0,1.0,,,,,,,,,,,,,,,,,,,,,,,,,,,,,,,,,,,,
355,47042.0,3.0,1.0,,,,,,,,,,,,,,,,,,,,,,,,,,,,,,,,,,,,
356,47053.0,1.0,,1.0,2.0,1.0,2.0,1.0,,1.0,1.0,1.0,,1.0,,,,,,1.0,1.0,1.0,1.0,1.0,9.0,1.0,1.0,1.0,1.0,2.0,1.0,1.0,1.0,1.0,,,,,
357,47084.0,3.0,1.0,,,,,,,,,,,,,,,,,,,,,,,,,,,,,,,,,,,,
358,47095.0,1.0,,1.0,1.0,,,2.0,2.0,,,,,,,,,,,,1.0,9.0,1.0,9.0,9.0,9.0,1.0,1.0,1.0,9.0,1.0,1.0,,,,,,,
359,47109.0,3.0,1.0,,,,,,,,,,,,,,,,,,,,,,,,,,,,,,,,,,,,
360,47156.0,3.0,1.0,,,,,,,,,,,,,,,,,,,,,,,,,,,,,,,,,,,,
361,47258.0,3.0,1.0,,,,,,,,,,,,,,,,,,,,,,,,,,,,,,,,,,,,
362,47273.0,3.0,2.0,,,,,,,,,,,,,,,,,,,,,,,,,,,,,,,,,,,,
363,47348.0,3.0,1.0,,,,,,,,,,,,,,,,,,,,,,,,,,,,,,,,,,,,
364,47382.0,3.0,1.0,,,,,,,,,,,,,,,,,,,,,,,,,,,,,,,,,,,,
365,48055.0,3.0,2.0,,,,,,,,,,,,,,,,,,,,,,,,,,,,,,,,,,,,
366,48298.0,1.0,,1.0,9.0,,,1.0,,1.0,1.0,1.0,,1.0,,,,,,1.0,1.0,1.0,1.0,1.0,2.0,2.0,1.0,1.0,1.0,2.0,1.0,1.0,1.0,1.0,,,,,
367,48452.0,1.0,,1.0,1.0,,,2.0,2.0,,,,,,,,,,,,1.0,1.0,1.0,1.0,1.0,2.0,1.0,1.0,1.0,1.0,1.0,1.0,,,,,,,
368,48646.0,3.0,1.0,,,,,,,,,,,,,,,,,,,,,,,,,,,,,,,,,,,,
369,48727.0,3.0,1.0,,,,,,,,,,,,,,,,,,,,,,,,,,,,,,,,,,,,
370,48929.0,3.0,1.0,,,,,,,,,,,,,,,,,,,,,,,,,,,,,,,,,,,,
371,49031.0,3.0,1.0,,,,,,,,,,,,,,,,,,,,,,,,,,,,,,,,,,,,
372,49052.0,1.0,,1.0,2.0,3.0,2.0,1.0,,1.0,2.0,,,,,,,,,,1.0,1.0,1.0,1.0,2.0,2.0,1.0,9.0,1.0,2.0,1.0,1.0,,,,,,,
373,49091.0,3.0,1.0,,,,,,,,,,,,,,,,,,,,,,,,,,,,,,,,,,,,
374,49113.0,3.0,1.0,,,,,,,,,,,,,,,,,,,,,,,,,,,,,,,,,,,,
375,49136.0,1.0,,1.0,2.0,2.0,2.0,1.0,,1.0,1.0,1.0,,1.0,,,,,,1.0,9.0,1.0,1.0,9.0,2.0,9.0,9.0,9.0,1.0,2.0,9.0,1.0,1.0,1.0,,,,,
376,49254.0,3.0,1.0,,,,,,,,,,,,,,,,,,,,,,,,,,,,,,,,,,,,
377,49834.0,3.0,6.0,,,,,,,,,,,,,,,,,,,,,,,,,,,,,,,,,,,,
378,49888.0,3.0,1.0,,,,,,,,,,,,,,,,,,,,,,,,,,,,,,,,,,,,
379,49903.0,3.0,1.0,,,,,,,,,,,,,,,,,,,,,,,,,,,,,,,,,,,,
380,50441.0,3.0,2.0,,,,,,,,,,,,,,,,,,,,,,,,,,,,,,,,,,,,
381,50495.0,1.0,,1.0,2.0,3.0,3.0,1.0,,1.0,1.0,1.0,,1.0,,,,,,1.0,1.0,1.0,1.0,1.0,2.0,2.0,1.0,1.0,1.0,2.0,1.0,1.0,1.0,1.0,,,,,
382,50544.0,3.0,1.0,,,,,,,,,,,,,,,,,,,,,,,,,,,,,,,,,,,,
383,50777.0,3.0,2.0,,,,,,,,,,,,,,,,,,,,,,,,,,,,,,,,,,,,
384,50806.0,1.0,,1.0,1.0,,,1.0,,1.0,2.0,,,,,,,,,,9.0,1.0,9.0,9.0,9.0,9.0,9.0,9.0,9.0,9.0,1.0,1.0,,,,,,,
385,50982.0,3.0,1.0,,,,,,,,,,,,,,,,,,,,,,,,,,,,,,,,,,,,
386,51164.0,1.0,,1.0,2.0,3.0,3.0,1.0,,1.0,2.0,,,,,,,,,,1.0,1.0,1.0,1.0,2.0,2.0,9.0,1.0,1.0,2.0,1.0,1.0,,,,,,,
387,51205.0,1.0,,1.0,2.0,3.0,9.0,1.0,,1.0,1.0,1.0,,2.0,1.0,2.0,2.0,2.0,1.0,1.0,1.0,1.0,9.0,1.0,2.0,9.0,1.0,9.0,1.0,2.0,9.0,1.0,1.0,1.0,,,,,
388,51257.0,3.0,1.0,,,,,,,,,,,,,,,,,,,,,,,,,,,,,,,,,,,,
389,51371.0,1.0,,1.0,1.0,,,1.0,,1.0,1.0,2.0,,1.0,,,,,,1.0,2.0,1.0,1.0,1.0,1.0,2.0,2.0,1.0,1.0,2.0,1.0,1.0,1.0,1.0,,,,,
390,51406.0,1.0,,1.0,2.0,2.0,3.0,1.0,,1.0,1.0,1.0,,,,,,,,1.0,9.0,1.0,1.0,1.0,1.0,1.0,1.0,1.0,1.0,1.0,1.0,1.0,1.0,9.0,,,,,
391,51439.0,3.0,1.0,,,,,,,,,,,,,,,,,,,,,,,,,,,,,,,,,,,,
392,51486.0,3.0,1.0,,,,,,,,,,,,,,,,,,,,,,,,,,,,,,,,,,,,
393,51776.0,1.0,,1.0,9.0,,,1.0,,1.0,2.0,,,,,,,,,,2.0,1.0,1.0,1.0,2.0,2.0,1.0,1.0,1.0,2.0,1.0,1.0,,,,,,,
394,51783.0,3.0,1.0,,,,,,,,,,,,,,,,,,,,,,,,,,,,,,,,,,,,
395,51803.0,3.0,1.0,,,,,,,,,,,,,,,,,,,,,,,,,,,,,,,,,,,,
396,51905.0,3.0,1.0,,,,,,,,,,,,,,,,,,,,,,,,,,,,,,,,,,,,
397,51982.0,3.0,1.0,,,,,,,,,,,,,,,,,,,,,,,,,,,,,,,,,,,,
398,52109.0,1.0,,1.0,2.0,3.0,6.0,1.0,,1.0,1.0,1.0,,2.0,2.0,2.0,2.0,2.0,2.0,1.0,1.0,1.0,2.0,1.0,2.0,2.0,1.0,1.0,1.0,2.0,1.0,1.0,1.0,2.0,2.0,2.0,2.0,9.0,1.0
399,52499.0,3.0,1.0,,,,,,,,,,,,,,,,,,,,,,,,,,,,,,,,,,,,
400,52509.0,2.0,,1.0,1.0,,,,,,,,,,,,,,,,,,,,,,,,,,,,,,,,,,
401,52524.0,3.0,1.0,,,,,,,,,,,,,,,,,,,,,,,,,,,,,,,,,,,,
402,52866.0,3.0,1.0,,,,,,,,,,,,,,,,,,,,,,,,,,,,,,,,,,,,
403,52967.0,1.0,,1.0,1.0,,,1.0,,1.0,1.0,2.0,,2.0,9.0,9.0,9.0,9.0,1.0,1.0,1.0,1.0,1.0,1.0,2.0,2.0,9.0,9.0,1.0,2.0,1.0,1.0,1.0,2.0,9.0,9.0,9.0,9.0,1.0
404,53086.0,3.0,1.0,,,,,,,,,,,,,,,,,,,,,,,,,,,,,,,,,,,,
405,53262.0,3.0,1.0,,,,,,,,,,,,,,,,,,,,,,,,,,,,,,,,,,,,
406,53361.0,1.0,,2.0,1.0,,,1.0,,2.0,1.0,2.0,,2.0,2.0,2.0,1.0,1.0,2.0,1.0,9.0,1.0,1.0,1.0,2.0,2.0,1.0,9.0,1.0,1.0,1.0,1.0,1.0,2.0,9.0,9.0,9.0,9.0,9.0
407,53404.0,3.0,2.0,,,,,,,,,,,,,,,,,,,,,,,,,,,,,,,,,,,,
408,53557.0,1.0,,1.0,2.0,3.0,6.0,1.0,,1.0,1.0,1.0,,1.0,,,,,,1.0,1.0,9.0,1.0,1.0,2.0,2.0,1.0,1.0,1.0,2.0,1.0,1.0,,1.0,,,,,
409,53580.0,3.0,1.0,,,,,,,,,,,,,,,,,,,,,,,,,,,,,,,,,,,,
410,53606.0,3.0,1.0,,,,,,,,,,,,,,,,,,,,,,,,,,,,,,,,,,,,
411,53773.0,1.0,,1.0,2.0,3.0,6.0,1.0,,1.0,1.0,2.0,,2.0,2.0,,1.0,,,1.0,1.0,1.0,1.0,1.0,2.0,2.0,2.0,1.0,1.0,2.0,1.0,1.0,1.0,1.0,,,,,
412,53920.0,1.0,,1.0,2.0,3.0,6.0,1.0,,2.0,4.0,1.0,,1.0,,,,,,2.0,1.0,1.0,1.0,1.0,1.0,1.0,1.0,1.0,1.0,9.0,1.0,1.0,1.0,1.0,,,,,
413,54042.0,3.0,1.0,,,,,,,,,,,,,,,,,,,,,,,,,,,,,,,,,,,,
414,54113.0,3.0,2.0,,,,,,,,,,,,,,,,,,,,,,,,,,,,,,,,,,,,
415,54406.0,1.0,,1.0,1.0,,,1.0,,1.0,2.0,,,,,,,,,,1.0,1.0,1.0,1.0,2.0,2.0,9.0,9.0,1.0,2.0,1.0,1.0,,,,,,,
416,54482.0,3.0,1.0,,,,,,,,,,,,,,,,,,,,,,,,,,,,,,,,,,,,
417,54892.0,3.0,1.0,,,,,,,,,,,,,,,,,,,,,,,,,,,,,,,,,,,,
418,55094.0,3.0,2.0,,,,,,,,,,,,,,,,,,,,,,,,,,,,,,,,,,,,
419,55196.0,1.0,,1.0,2.0,2.0,6.0,1.0,,1.0,1.0,2.0,,2.0,2.0,2.0,1.0,2.0,2.0,1.0,1.0,1.0,1.0,1.0,2.0,2.0,1.0,1.0,1.0,2.0,1.0,1.0,1.0,1.0,,,,,
420,55273.0,3.0,1.0,,,,,,,,,,,,,,,,,,,,,,,,,,,,,,,,,,,,
421,55374.0,3.0,1.0,,,,,,,,,,,,,,,,,,,,,,,,,,,,,,,,,,,,
422,55565.0,3.0,1.0,,,,,,,,,,,,,,,,,,,,,,,,,,,,,,,,,,,,
423,56062.0,3.0,1.0,,,,,,,,,,,,,,,,,,,,,,,,,,,,,,,,,,,,
424,56114.0,1.0,,1.0,2.0,3.0,6.0,1.0,,1.0,1.0,1.0,,1.0,,,,,,1.0,2.0,1.0,1.0,1.0,2.0,2.0,1.0,1.0,1.0,2.0,1.0,1.0,1.0,1.0,,,,,
425,56177.0,3.0,1.0,,,,,,,,,,,,,,,,,,,,,,,,,,,,,,,,,,,,
426,56242.0,3.0,1.0,,,,,,,,,,,,,,,,,,,,,,,,,,,,,,,,,,,,
427,56264.0,3.0,1.0,,,,,,,,,,,,,,,,,,,,,,,,,,,,,,,,,,,,
428,56302.0,1.0,,1.0,1.0,,,1.0,,1.0,4.0,2.0,,,,,,,,2.0,1.0,1.0,1.0,1.0,2.0,2.0,9.0,1.0,1.0,2.0,9.0,1.0,2.0,,,,,,
429,56359.0,3.0,1.0,,,,,,,,,,,,,,,,,,,,,,,,,,,,,,,,,,,,
430,56416.0,1.0,,1.0,2.0,2.0,5.0,1.0,,1.0,1.0,1.0,,1.0,,,,,,1.0,1.0,1.0,1.0,1.0,2.0,2.0,1.0,1.0,1.0,2.0,1.0,1.0,1.0,1.0,,,,,
431,56442.0,3.0,1.0,,,,,,,,,,,,,,,,,,,,,,,,,,,,,,,,,,,,
432,56487.0,1.0,,1.0,2.0,3.0,6.0,1.0,,1.0,1.0,2.0,,1.0,,,,,,1.0,1.0,1.0,1.0,1.0,2.0,2.0,9.0,1.0,1.0,2.0,1.0,1.0,1.0,1.0,,,,,
433,56494.0,3.0,1.0,,,,,,,,,,,,,,,,,,,,,,,,,,,,,,,,,,,,
434,56583.0,3.0,1.0,,,,,,,,,,,,,,,,,,,,,,,,,,,,,,,,,,,,
435,56602.0,3.0,2.0,,,,,,,,,,,,,,,,,,,,,,,,,,,,,,,,,,,,
436,56614.0,3.0,1.0,,,,,,,,,,,,,,,,,,,,,,,,,,,,,,,,,,,,
437,56615.0,3.0,3.0,,,,,,,,,,,,,,,,,,,,,,,,,,,,,,,,,,,,
438,56720.0,3.0,1.0,,,,,,,,,,,,,,,,,,,,,,,,,,,,,,,,,,,,
439,56835.0,3.0,1.0,,,,,,,,,,,,,,,,,,,,,,,,,,,,,,,,,,,,
440,57456.0,3.0,2.0,,,,,,,,,,,,,,,,,,,,,,,,,,,,,,,,,,,,
441,57470.0,3.0,1.0,,,,,,,,,,,,,,,,,,,,,,,,,,,,,,,,,,,,
442,57492.0,1.0,,1.0,2.0,3.0,6.0,1.0,,1.0,1.0,1.0,,1.0,,,,,,1.0,2.0,1.0,1.0,1.0,2.0,2.0,1.0,1.0,1.0,2.0,1.0,1.0,1.0,1.0,,,,,
443,57504.0,1.0,,1.0,2.0,3.0,6.0,1.0,,1.0,1.0,1.0,,1.0,,,,,,1.0,1.0,1.0,1.0,1.0,2.0,2.0,1.0,9.0,1.0,2.0,1.0,1.0,1.0,1.0,,,,,
444,57785.0,3.0,1.0,,,,,,,,,,,,,,,,,,,,,,,,,,,,,,,,,,,,
445,57813.0,3.0,1.0,,,,,,,,,,,,,,,,,,,,,,,,,,,,,,,,,,,,
446,57845.0,1.0,,1.0,2.0,2.0,6.0,1.0,,1.0,2.0,,,,,,,,,,1.0,1.0,1.0,1.0,2.0,2.0,1.0,2.0,1.0,2.0,7.0,1.0,,,,,,,
447,57898.0,3.0,1.0,,,,,,,,,,,,,,,,,,,,,,,,,,,,,,,,,,,,
448,58071.0,3.0,2.0,,,,,,,,,,,,,,,,,,,,,,,,,,,,,,,,,,,,
449,58122.0,3.0,1.0,,,,,,,,,,,,,,,,,,,,,,,,,,,,,,,,,,,,
450,58125.0,1.0,,1.0,2.0,3.0,1.0,1.0,,1.0,1.0,2.0,,2.0,1.0,1.0,1.0,2.0,2.0,1.0,1.0,1.0,1.0,1.0,2.0,9.0,1.0,2.0,1.0,2.0,1.0,1.0,1.0,1.0,,,,,
451,58372.0,3.0,1.0,,,,,,,,,,,,,,,,,,,,,,,,,,,,,,,,,,,,
452,58396.0,1.0,,2.0,1.0,,,1.0,,1.0,2.0,,,,,,,,,,2.0,1.0,1.0,1.0,2.0,2.0,1.0,9.0,1.0,2.0,1.0,1.0,,,,,,,
453,58422.0,3.0,1.0,,,,,,,,,,,,,,,,,,,,,,,,,,,,,,,,,,,,
454,58540.0,3.0,1.0,,,,,,,,,,,,,,,,,,,,,,,,,,,,,,,,,,,,
455,58588.0,3.0,1.0,,,,,,,,,,,,,,,,,,,,,,,,,,,,,,,,,,,,
456,58646.0,3.0,1.0,,,,,,,,,,,,,,,,,,,,,,,,,,,,,,,,,,,,
457,58647.0,3.0,1.0,,,,,,,,,,,,,,,,,,,,,,,,,,,,,,,,,,,,
458,58653.0,3.0,1.0,,,,,,,,,,,,,,,,,,,,,,,,,,,,,,,,,,,,
459,58656.0,1.0,,1.0,2.0,2.0,2.0,1.0,,2.0,1.0,1.0,,1.0,,,,,,1.0,2.0,1.0,2.0,1.0,2.0,2.0,9.0,9.0,1.0,2.0,1.0,1.0,1.0,1.0,,,,,
460,58749.0,1.0,,1.0,2.0,3.0,6.0,1.0,,1.0,2.0,,,,,,,,,,2.0,1.0,1.0,1.0,2.0,2.0,1.0,1.0,1.0,2.0,1.0,1.0,,,,,,,
461,58789.0,1.0,,1.0,9.0,,,1.0,,1.0,2.0,,,,,,,,,,2.0,1.0,2.0,1.0,2.0,9.0,2.0,9.0,1.0,9.0,1.0,2.0,,,,,,,
462,58955.0,3.0,1.0,,,,,,,,,,,,,,,,,,,,,,,,,,,,,,,,,,,,
463,58993.0,1.0,,2.0,1.0,,,2.0,2.0,,,,,,,,,,,,9.0,1.0,1.0,1.0,2.0,1.0,1.0,1.0,1.0,2.0,1.0,1.0,,,,,,,
464,59087.0,3.0,2.0,,,,,,,,,,,,,,,,,,,,,,,,,,,,,,,,,,,,
465,59223.0,3.0,2.0,,,,,,,,,,,,,,,,,,,,,,,,,,,,,,,,,,,,
466,59229.0,1.0,,2.0,1.0,,,2.0,2.0,,,,,,,,,,,,9.0,9.0,1.0,1.0,2.0,2.0,1.0,9.0,1.0,2.0,1.0,1.0,,,,,,,
467,59251.0,3.0,1.0,,,,,,,,,,,,,,,,,,,,,,,,,,,,,,,,,,,,
468,59348.0,3.0,2.0,,,,,,,,,,,,,,,,,,,,,,,,,,,,,,,,,,,,
469,59425.0,3.0,1.0,,,,,,,,,,,,,,,,,,,,,,,,,,,,,,,,,,,,
470,59480.0,1.0,,1.0,2.0,3.0,1.0,1.0,,1.0,1.0,1.0,,,,,,,,1.0,1.0,1.0,1.0,1.0,2.0,2.0,2.0,2.0,1.0,2.0,1.0,1.0,2.0,,,,,,
471,59638.0,3.0,1.0,,,,,,,,,,,,,,,,,,,,,,,,,,,,,,,,,,,,
472,59643.0,3.0,2.0,,,,,,,,,,,,,,,,,,,,,,,,,,,,,,,,,,,,
473,59715.0,1.0,,1.0,2.0,2.0,1.0,2.0,2.0,,,,,,,,,,,,1.0,1.0,1.0,1.0,2.0,2.0,1.0,1.0,1.0,2.0,1.0,1.0,,,,,,,
474,59716.0,3.0,2.0,,,,,,,,,,,,,,,,,,,,,,,,,,,,,,,,,,,,
475,59779.0,3.0,1.0,,,,,,,,,,,,,,,,,,,,,,,,,,,,,,,,,,,,
476,59812.0,1.0,,1.0,1.0,,,1.0,,1.0,4.0,2.0,,1.0,,,,,,1.0,1.0,1.0,1.0,1.0,9.0,1.0,1.0,1.0,1.0,9.0,1.0,1.0,1.0,1.0,,,,,
477,59892.0,1.0,,1.0,1.0,,,2.0,2.0,,,,,,,,,,,,1.0,1.0,1.0,1.0,2.0,2.0,1.0,9.0,1.0,2.0,1.0,1.0,,,,,,,
478,59934.0,1.0,,1.0,2.0,1.0,1.0,1.0,,1.0,2.0,,,,,,,,,,1.0,1.0,1.0,1.0,2.0,2.0,1.0,2.0,1.0,2.0,1.0,1.0,,,,,,,
479,60061.0,3.0,1.0,,,,,,,,,,,,,,,,,,,,,,,,,,,,,,,,,,,,
480,60163.0,3.0,2.0,,,,,,,,,,,,,,,,,,,,,,,,,,,,,,,,,,,,
481,60181.0,1.0,,1.0,2.0,3.0,6.0,1.0,,1.0,1.0,1.0,,1.0,,,,,,1.0,1.0,1.0,1.0,1.0,2.0,2.0,1.0,1.0,1.0,2.0,1.0,1.0,1.0,1.0,,,,,
482,60194.0,3.0,1.0,,,,,,,,,,,,,,,,,,,,,,,,,,,,,,,,,,,,
483,60748.0,3.0,1.0,,,,,,,,,,,,,,,,,,,,,,,,,,,,,,,,,,,,
484,60778.0,1.0,,1.0,2.0,2.0,2.0,1.0,,1.0,2.0,,,,,,,,,,1.0,1.0,1.0,1.0,2.0,2.0,1.0,1.0,1.0,2.0,1.0,1.0,,,,,,,
485,60905.0,3.0,1.0,,,,,,,,,,,,,,,,,,,,,,,,,,,,,,,,,,,,
486,60940.0,3.0,1.0,,,,,,,,,,,,,,,,,,,,,,,,,,,,,,,,,,,,
487,60953.0,1.0,,1.0,2.0,3.0,6.0,2.0,2.0,,,,,,,,,,,,1.0,1.0,1.0,1.0,2.0,2.0,2.0,1.0,1.0,1.0,1.0,1.0,,,,,,,
488,60972.0,2.0,,2.0,1.0,,,2.0,2.0,,,,,,,,,,,,9.0,9.0,,1.0,,,,,,,,1.0,,,,,,,
489,60994.0,3.0,1.0,,,,,,,,,,,,,,,,,,,,,,,,,,,,,,,,,,,,
490,61098.0,3.0,1.0,,,,,,,,,,,,,,,,,,,,,,,,,,,,,,,,,,,,
491,61104.0,3.0,1.0,,,,,,,,,,,,,,,,,,,,,,,,,,,,,,,,,,,,
492,61435.0,3.0,1.0,,,,,,,,,,,,,,,,,,,,,,,,,,,,,,,,,,,,
493,61626.0,1.0,,1.0,1.0,,,2.0,2.0,,,,,,,,,,,,1.0,9.0,1.0,1.0,2.0,2.0,1.0,1.0,1.0,2.0,1.0,1.0,,,,,,,
494,61878.0,1.0,,1.0,2.0,2.0,6.0,1.0,,1.0,4.0,1.0,,2.0,1.0,1.0,1.0,9.0,1.0,1.0,1.0,1.0,1.0,1.0,2.0,9.0,1.0,2.0,1.0,2.0,1.0,1.0,1.0,1.0,,,,,
495,61903.0,3.0,1.0,,,,,,,,,,,,,,,,,,,,,,,,,,,,,,,,,,,,
496,61911.0,1.0,,2.0,9.0,,,1.0,,9.0,1.0,9.0,,2.0,2.0,9.0,1.0,9.0,1.0,1.0,1.0,1.0,1.0,1.0,2.0,9.0,9.0,9.0,1.0,2.0,1.0,1.0,1.0,2.0,1.0,1.0,9.0,1.0,2.0
497,61918.0,3.0,1.0,,,,,,,,,,,,,,,,,,,,,,,,,,,,,,,,,,,,
498,62005.0,1.0,,1.0,1.0,,,1.0,,2.0,2.0,,,,,,,,,,1.0,1.0,1.0,1.0,2.0,2.0,2.0,9.0,1.0,2.0,1.0,1.0,,,,,,,
499,62037.0,3.0,1.0,,,,,,,,,,,,,,,,,,,,,,,,,,,,,,,,,,,,
500,62259.0,1.0,,1.0,2.0,1.0,6.0,1.0,,1.0,4.0,1.0,,1.0,,,,,,1.0,1.0,1.0,1.0,1.0,2.0,1.0,1.0,1.0,1.0,2.0,1.0,1.0,1.0,1.0,,,,,
501,62293.0,3.0,1.0,,,,,,,,,,,,,,,,,,,,,,,,,,,,,,,,,,,,
502,62307.0,1.0,,1.0,2.0,3.0,2.0,1.0,,1.0,1.0,1.0,,2.0,9.0,9.0,9.0,9.0,9.0,2.0,9.0,1.0,9.0,1.0,2.0,2.0,9.0,9.0,1.0,1.0,1.0,1.0,1.0,2.0,2.0,2.0,2.0,1.0,2.0
503,62363.0,3.0,1.0,,,,,,,,,,,,,,,,,,,,,,,,,,,,,,,,,,,,
504,62646.0,1.0,,1.0,1.0,,,2.0,2.0,,,,,,,,,,,,9.0,9.0,1.0,1.0,9.0,9.0,1.0,9.0,9.0,9.0,1.0,1.0,,,,,,,
505,62734.0,1.0,,1.0,2.0,3.0,2.0,1.0,,1.0,1.0,1.0,,1.0,,,,,,1.0,2.0,1.0,1.0,1.0,2.0,2.0,1.0,1.0,1.0,2.0,1.0,1.0,1.0,1.0,,,,,
506,62838.0,3.0,1.0,,,,,,,,,,,,,,,,,,,,,,,,,,,,,,,,,,,,
507,62979.0,1.0,,1.0,1.0,,,2.0,2.0,,,,,,,,,,,,1.0,1.0,1.0,1.0,2.0,1.0,1.0,1.0,1.0,2.0,1.0,1.0,,,,,,,
508,63076.0,3.0,1.0,,,,,,,,,,,,,,,,,,,,,,,,,,,,,,,,,,,,
509,63181.0,1.0,,1.0,2.0,3.0,6.0,1.0,,1.0,4.0,2.0,,1.0,,,,,,1.0,1.0,1.0,1.0,1.0,2.0,2.0,1.0,9.0,1.0,2.0,1.0,1.0,1.0,1.0,,,,,
510,63345.0,3.0,2.0,,,,,,,,,,,,,,,,,,,,,,,,,,,,,,,,,,,,
511,63352.0,3.0,2.0,,,,,,,,,,,,,,,,,,,,,,,,,,,,,,,,,,,,
512,63380.0,3.0,1.0,,,,,,,,,,,,,,,,,,,,,,,,,,,,,,,,,,,,
513,63420.0,3.0,1.0,,,,,,,,,,,,,,,,,,,,,,,,,,,,,,,,,,,,
514,63425.0,3.0,1.0,,,,,,,,,,,,,,,,,,,,,,,,,,,,,,,,,,,,
515,63426.0,3.0,1.0,,,,,,,,,,,,,,,,,,,,,,,,,,,,,,,,,,,,
516,63442.0,3.0,2.0,,,,,,,,,,,,,,,,,,,,,,,,,,,,,,,,,,,,
517,63451.0,3.0,1.0,,,,,,,,,,,,,,,,,,,,,,,,,,,,,,,,,,,,
518,63544.0,3.0,1.0,,,,,,,,,,,,,,,,,,,,,,,,,,,,,,,,,,,,
519,63739.0,1.0,,1.0,1.0,,,1.0,,1.0,2.0,,,,,,,,,,1.0,1.0,1.0,1.0,2.0,2.0,1.0,9.0,1.0,2.0,1.0,1.0,,,,,,,
520,63859.0,3.0,1.0,,,,,,,,,,,,,,,,,,,,,,,,,,,,,,,,,,,,
521,64504.0,3.0,1.0,,,,,,,,,,,,,,,,,,,,,,,,,,,,,,,,,,,,
522,64824.0,3.0,1.0,,,,,,,,,,,,,,,,,,,,,,,,,,,,,,,,,,,,
523,64859.0,3.0,1.0,,,,,,,,,,,,,,,,,,,,,,,,,,,,,,,,,,,,
524,64916.0,3.0,1.0,,,,,,,,,,,,,,,,,,,,,,,,,,,,,,,,,,,,
525,64964.0,3.0,1.0,,,,,,,,,,,,,,,,,,,,,,,,,,,,,,,,,,,,
526,64973.0,1.0,,1.0,2.0,2.0,2.0,1.0,,1.0,4.0,1.0,,1.0,,,,,,1.0,1.0,1.0,1.0,1.0,2.0,2.0,1.0,2.0,1.0,2.0,1.0,1.0,1.0,1.0,,,,,
527,65402.0,3.0,1.0,,,,,,,,,,,,,,,,,,,,,,,,,,,,,,,,,,,,
528,65403.0,1.0,,2.0,1.0,,,1.0,,1.0,9.0,2.0,,,,,,,,2.0,9.0,9.0,1.0,9.0,9.0,9.0,9.0,9.0,9.0,9.0,1.0,1.0,2.0,,,,,,
529,65407.0,3.0,1.0,,,,,,,,,,,,,,,,,,,,,,,,,,,,,,,,,,,,
530,65433.0,3.0,1.0,,,,,,,,,,,,,,,,,,,,,,,,,,,,,,,,,,,,
531,66131.0,3.0,1.0,,,,,,,,,,,,,,,,,,,,,,,,,,,,,,,,,,,,
532,66152.0,3.0,1.0,,,,,,,,,,,,,,,,,,,,,,,,,,,,,,,,,,,,
533,66788.0,3.0,1.0,,,,,,,,,,,,,,,,,,,,,,,,,,,,,,,,,,,,
534,66883.0,3.0,1.0,,,,,,,,,,,,,,,,,,,,,,,,,,,,,,,,,,,,
535,66908.0,3.0,1.0,,,,,,,,,,,,,,,,,,,,,,,,,,,,,,,,,,,,
536,66932.0,3.0,1.0,,,,,,,,,,,,,,,,,,,,,,,,,,,,,,,,,,,,
537,67208.0,1.0,,2.0,1.0,,,2.0,2.0,,,,,,,,,,,,9.0,1.0,9.0,1.0,2.0,2.0,9.0,9.0,1.0,9.0,9.0,1.0,,,,,,,
538,67330.0,3.0,1.0,,,,,,,,,,,,,,,,,,,,,,,,,,,,,,,,,,,,
539,67361.0,1.0,,1.0,2.0,3.0,2.0,1.0,,1.0,4.0,1.0,,1.0,,,,,,1.0,1.0,1.0,1.0,1.0,2.0,2.0,2.0,1.0,1.0,9.0,1.0,1.0,1.0,1.0,,,,,
540,67380.0,3.0,1.0,,,,,,,,,,,,,,,,,,,,,,,,,,,,,,,,,,,,
541,67652.0,1.0,,1.0,1.0,,,1.0,,1.0,4.0,2.0,,2.0,,,,,1.0,2.0,1.0,1.0,1.0,1.0,2.0,2.0,1.0,1.0,1.0,2.0,1.0,1.0,1.0,2.0,1.0,1.0,1.0,9.0,2.0
542,67785.0,3.0,1.0,,,,,,,,,,,,,,,,,,,,,,,,,,,,,,,,,,,,
543,67993.0,1.0,,1.0,2.0,1.0,6.0,1.0,,1.0,4.0,1.0,,2.0,1.0,2.0,2.0,9.0,1.0,1.0,1.0,1.0,2.0,1.0,2.0,1.0,1.0,2.0,2.0,1.0,1.0,1.0,1.0,2.0,9.0,9.0,9.0,9.0,2.0
544,68022.0,3.0,2.0,,,,,,,,,,,,,,,,,,,,,,,,,,,,,,,,,,,,
545,68029.0,3.0,1.0,,,,,,,,,,,,,,,,,,,,,,,,,,,,,,,,,,,,
546,68073.0,3.0,1.0,,,,,,,,,,,,,,,,,,,,,,,,,,,,,,,,,,,,
547,68109.0,1.0,,1.0,1.0,,,1.0,,1.0,4.0,2.0,,2.0,2.0,2.0,2.0,2.0,1.0,1.0,1.0,1.0,1.0,1.0,2.0,9.0,9.0,1.0,1.0,2.0,1.0,1.0,1.0,2.0,,,,,2.0
548,68154.0,3.0,2.0,,,,,,,,,,,,,,,,,,,,,,,,,,,,,,,,,,,,
549,68250.0,1.0,,1.0,2.0,3.0,9.0,1.0,,1.0,1.0,1.0,,2.0,9.0,9.0,9.0,9.0,1.0,1.0,1.0,1.0,1.0,1.0,2.0,2.0,1.0,9.0,1.0,2.0,1.0,1.0,1.0,1.0,,,,,
550,68293.0,3.0,2.0,,,,,,,,,,,,,,,,,,,,,,,,,,,,,,,,,,,,
551,68494.0,3.0,1.0,,,,,,,,,,,,,,,,,,,,,,,,,,,,,,,,,,,,
552,68545.0,3.0,1.0,,,,,,,,,,,,,,,,,,,,,,,,,,,,,,,,,,,,
553,68669.0,1.0,,1.0,2.0,1.0,3.0,1.0,,1.0,1.0,2.0,,2.0,1.0,1.0,1.0,1.0,2.0,1.0,1.0,1.0,1.0,1.0,2.0,2.0,2.0,1.0,1.0,2.0,1.0,1.0,1.0,2.0,2.0,2.0,2.0,1.0,2.0
554,68673.0,1.0,,1.0,1.0,,,1.0,,1.0,1.0,1.0,,1.0,,,,,,1.0,1.0,1.0,1.0,1.0,2.0,2.0,1.0,1.0,1.0,2.0,1.0,1.0,1.0,1.0,,,,,
555,68726.0,3.0,1.0,,,,,,,,,,,,,,,,,,,,,,,,,,,,,,,,,,,,
556,68752.0,1.0,,1.0,2.0,2.0,6.0,2.0,2.0,,,,,,,,,,,,1.0,1.0,1.0,1.0,2.0,2.0,1.0,1.0,1.0,2.0,1.0,1.0,,,,,,,
557,68988.0,1.0,,2.0,1.0,,,2.0,2.0,,,,,,,,,,,,2.0,9.0,9.0,1.0,1.0,1.0,1.0,1.0,1.0,1.0,1.0,1.0,,,,,,,
558,69024.0,1.0,,1.0,2.0,3.0,6.0,1.0,,2.0,1.0,2.0,,2.0,1.0,1.0,1.0,1.0,2.0,1.0,1.0,1.0,1.0,1.0,2.0,2.0,1.0,2.0,1.0,2.0,1.0,1.0,1.0,1.0,,,,,
559,69054.0,3.0,1.0,,,,,,,,,,,,,,,,,,,,,,,,,,,,,,,,,,,,
560,69439.0,1.0,,1.0,1.0,,,1.0,,1.0,4.0,1.0,,2.0,,,,,1.0,1.0,9.0,9.0,1.0,1.0,9.0,9.0,1.0,1.0,1.0,9.0,9.0,1.0,1.0,2.0,1.0,1.0,9.0,1.0,
561,69486.0,1.0,,1.0,2.0,3.0,2.0,1.0,,1.0,1.0,2.0,,1.0,,,,,,1.0,1.0,1.0,1.0,1.0,2.0,9.0,1.0,1.0,1.0,2.0,1.0,1.0,1.0,1.0,,,,,
562,69503.0,3.0,1.0,,,,,,,,,,,,,,,,,,,,,,,,,,,,,,,,,,,,
563,69574.0,1.0,,1.0,2.0,3.0,1.0,1.0,,1.0,1.0,1.0,,1.0,,,,,,1.0,1.0,1.0,1.0,1.0,2.0,2.0,1.0,1.0,1.0,2.0,1.0,1.0,1.0,1.0,,,,,
564,69607.0,3.0,1.0,,,,,,,,,,,,,,,,,,,,,,,,,,,,,,,,,,,,
565,69620.0,3.0,1.0,,,,,,,,,,,,,,,,,,,,,,,,,,,,,,,,,,,,
566,69669.0,1.0,,2.0,1.0,,,1.0,,1.0,1.0,1.0,,1.0,,,,,,1.0,1.0,1.0,1.0,1.0,2.0,2.0,1.0,1.0,1.0,2.0,1.0,1.0,1.0,1.0,,,,,
567,69675.0,3.0,1.0,,,,,,,,,,,,,,,,,,,,,,,,,,,,,,,,,,,,
568,69691.0,3.0,1.0,,,,,,,,,,,,,,,,,,,,,,,,,,,,,,,,,,,,
569,69695.0,1.0,,1.0,2.0,1.0,6.0,1.0,,1.0,2.0,,,,,,,,,,9.0,9.0,1.0,9.0,9.0,9.0,9.0,9.0,9.0,9.0,9.0,1.0,,,,,,,
570,69934.0,3.0,1.0,,,,,,,,,,,,,,,,,,,,,,,,,,,,,,,,,,,,
571,70347.0,1.0,,1.0,2.0,2.0,1.0,1.0,,1.0,1.0,1.0,,1.0,,,,,,1.0,1.0,1.0,1.0,1.0,2.0,2.0,1.0,1.0,1.0,2.0,1.0,1.0,1.0,1.0,,,,,
572,70385.0,3.0,1.0,,,,,,,,,,,,,,,,,,,,,,,,,,,,,,,,,,,,
573,70387.0,3.0,1.0,,,,,,,,,,,,,,,,,,,,,,,,,,,,,,,,,,,,
574,70529.0,3.0,1.0,,,,,,,,,,,,,,,,,,,,,,,,,,,,,,,,,,,,
575,70595.0,3.0,1.0,,,,,,,,,,,,,,,,,,,,,,,,,,,,,,,,,,,,
576,70599.0,3.0,1.0,,,,,,,,,,,,,,,,,,,,,,,,,,,,,,,,,,,,
577,70633.0,3.0,1.0,,,,,,,,,,,,,,,,,,,,,,,,,,,,,,,,,,,,
578,70868.0,3.0,1.0,,,,,,,,,,,,,,,,,,,,,,,,,,,,,,,,,,,,
579,70900.0,3.0,1.0,,,,,,,,,,,,,,,,,,,,,,,,,,,,,,,,,,,,
580,71084.0,1.0,,1.0,2.0,3.0,6.0,1.0,,1.0,1.0,1.0,,1.0,,,,,,1.0,1.0,1.0,1.0,1.0,2.0,2.0,1.0,1.0,1.0,2.0,1.0,1.0,1.0,1.0,,,,,
581,71166.0,3.0,2.0,,,,,,,,,,,,,,,,,,,,,,,,,,,,,,,,,,,,
582,71284.0,1.0,,1.0,1.0,,,1.0,,,,,,,,,,,,,2.0,1.0,1.0,1.0,2.0,9.0,9.0,1.0,1.0,1.0,1.0,1.0,,,,,,,
583,71354.0,3.0,1.0,,,,,,,,,,,,,,,,,,,,,,,,,,,,,,,,,,,,
584,71436.0,3.0,1.0,,,,,,,,,,,,,,,,,,,,,,,,,,,,,,,,,,,,
585,71457.0,3.0,1.0,,,,,,,,,,,,,,,,,,,,,,,,,,,,,,,,,,,,
586,71478.0,3.0,1.0,,,,,,,,,,,,,,,,,,,,,,,,,,,,,,,,,,,,
587,71682.0,3.0,1.0,,,,,,,,,,,,,,,,,,,,,,,,,,,,,,,,,,,,
588,71703.0,3.0,2.0,,,,,,,,,,,,,,,,,,,,,,,,,,,,,,,,,,,,
589,71724.0,1.0,,1.0,2.0,3.0,3.0,1.0,,1.0,2.0,,,,,,,,,,2.0,1.0,1.0,1.0,2.0,2.0,1.0,1.0,1.0,2.0,1.0,1.0,,,,,,,
590,71781.0,1.0,,1.0,2.0,3.0,6.0,1.0,,1.0,4.0,2.0,,,,,,,,1.0,1.0,1.0,1.0,1.0,2.0,2.0,1.0,9.0,1.0,2.0,1.0,1.0,1.0,9.0,,,,,
591,71802.0,3.0,1.0,,,,,,,,,,,,,,,,,,,,,,,,,,,,,,,,,,,,
592,71829.0,1.0,,1.0,2.0,3.0,9.0,2.0,2.0,,,,,,,,,,,,9.0,1.0,1.0,1.0,2.0,9.0,9.0,1.0,1.0,9.0,1.0,1.0,,,,,,,
